position: 
  x: -15.1882362566
  y: -26.9474106537
  z: 0.0
orientation: 
  x: 0.0
  y: 0.0
  z: 0.602943280051
  w: 0.797784056648
