position: 
  x: -15.1172419512
  y: -26.696771441
  z: 0.0
orientation: 
  x: 0.0
  y: 0.0
  z: 0.603740762503
  w: 0.797180714576
