position: 
  x: -11.8837279794
  y: -18.0940362322
  z: 0.0
orientation: 
  x: 0.0
  y: 0.0
  z: 0.514294922401
  w: 0.857613393548
