position: 
  x: -13.1017608462
  y: -67.4666848656
  z: 0.0
orientation: 
  x: 0.0
  y: 0.0
  z: -0.550376148241
  w: 0.834916819478
