position: 
  x: -12.6751615012
  y: -68.4534146021
  z: 0.0
orientation: 
  x: 0.0
  y: 0.0
  z: -0.548705214964
  w: 0.836015901208
