position: 
  x: -12.2756878362
  y: -69.3707039543
  z: 0.0
orientation: 
  x: 0.0
  y: 0.0
  z: -0.547868924849
  w: 0.836564188323
