position: 
  x: -11.8739781185
  y: -70.2875621891
  z: 0.0
orientation: 
  x: 0.0
  y: 0.0
  z: -0.54619470185
  w: 0.837658252315
