position: 
  x: -11.4702316153
  y: -71.2029793715
  z: 0.0
orientation: 
  x: 0.0
  y: 0.0
  z: -0.54535677064
  w: 0.838204028096
