position: 
  x: -11.0189334792
  y: -72.2187357459
  z: 0.0
orientation: 
  x: 0.0
  y: 0.0
  z: -0.544518294074
  w: 0.838748965674
