position: 
  x: -10.6123450778
  y: -73.1296096329
  z: 0.0
orientation: 
  x: 0.0
  y: 0.0
  z: -0.543679272989
  w: 0.839293064503
