position: 
  x: -10.2099267589
  y: -74.027011597
  z: 0.0
orientation: 
  x: 0.0
  y: 0.0
  z: -0.572715563603
  w: 0.819754160225
