position: 
  x: -9.81335121931
  y: -74.9234952001
  z: 0.0
orientation: 
  x: 0.0
  y: 0.0
  z: -0.538633758618
  w: 0.842540013339
