position: 
  x: -9.31393685222
  y: -75.9034397511
  z: 0.0
orientation: 
  x: 0.0
  y: 0.0
  z: -0.518259620378
  w: 0.855223342692
