position: 
  x: -11.4140622536
  y: -17.210626317
  z: 0.0
orientation: 
  x: 0.0
  y: 0.0
  z: 0.515152278505
  w: 0.857098669904
