position: 
  x: -8.85112312501
  y: -76.7898948091
  z: 0.0
orientation: 
  x: 0.0
  y: 0.0
  z: -0.518259620378
  w: 0.855223342692
