position: 
  x: -8.38643536237
  y: -77.6759333953
  z: 0.0
orientation: 
  x: 0.0
  y: 0.0
  z: -0.517404138048
  w: 0.855741174615
