position: 
  x: -7.88393332766
  y: -78.6262563436
  z: 0.0
orientation: 
  x: 0.0
  y: 0.0
  z: -0.515691622032
  w: 0.856774270719
