position: 
  x: -7.4139624453
  y: -79.5100701184
  z: 0.0
orientation: 
  x: 0.0
  y: 0.0
  z: -0.51397704325
  w: 0.857803939727
