position: 
  x: -6.94282954172
  y: -80.3921318813
  z: 0.0
orientation: 
  x: 0.0
  y: 0.0
  z: -0.51397704325
  w: 0.857803939727
