position: 
  x: -6.47050209866
  y: -81.2746883388
  z: 0.0
orientation: 
  x: 0.0
  y: 0.0
  z: -0.51397704325
  w: 0.857803939727
