position: 
  x: -5.91222790422
  y: -82.1010103372
  z: 0.0
orientation: 
  x: 0.0
  y: 0.0
  z: -0.38094180564
  w: 0.924599016177
