position: 
  x: -5.17706437995
  y: -82.6412617853
  z: 0.0
orientation: 
  x: 0.0
  y: 0.0
  z: -0.223900445764
  w: 0.97461202044
