position: 
  x: -4.30617460704
  y: -82.9129610291
  z: 0.0
orientation: 
  x: 0.0
  y: 0.0
  z: -0.0587807903666
  w: 0.998270914474
