position: 
  x: -3.44326135574
  y: -82.8675397213
  z: 0.0
orientation: 
  x: 0.0
  y: 0.0
  z: 0.16147521935
  w: 0.986876767148
