position: 
  x: -10.9459996805
  y: -16.3258007048
  z: 0.0
orientation: 
  x: 0.0
  y: 0.0
  z: 0.516865444397
  w: 0.856066651837
