position: 
  x: -2.60425584231
  y: -82.3354054439
  z: 0.0
orientation: 
  x: 0.0
  y: 0.0
  z: 0.32988835498
  w: 0.94401995384
