position: 
  x: -2.01305634871
  y: -81.7045873998
  z: 0.0
orientation: 
  x: 0.0
  y: 0.0
  z: 0.521139299017
  w: 0.853471634572
