position: 
  x: -1.80377014738
  y: -80.8685348644
  z: 0.0
orientation: 
  x: 0.0
  y: 0.0
  z: 0.707663156775
  w: 0.706549967478
