position: 
  x: -1.96108844995
  y: -80.0317417968
  z: 0.0
orientation: 
  x: 0.0
  y: 0.0
  z: 0.837769480165
  w: 0.546024081982
