position: 
  x: -2.5342155881
  y: -79.1504410387
  z: 0.0
orientation: 
  x: 0.0
  y: 0.0
  z: 0.893995925656
  w: 0.448075088474
