position: 
  x: -3.13736893158
  y: -78.3837289628
  z: 0.0
orientation: 
  x: 0.0
  y: 0.0
  z: 0.916877093512
  w: 0.399169632353
