position: 
  x: -3.81859601392
  y: -77.6537083456
  z: 0.0
orientation: 
  x: 0.0
  y: 0.0
  z: 0.91727580464
  w: 0.398252555827
