position: 
  x: -4.55336796018
  y: -76.8683373479
  z: 0.0
orientation: 
  x: 0.0
  y: 0.0
  z: 0.917673598491
  w: 0.397335081049
