position: 
  x: -5.23925629097
  y: -76.1399444801
  z: 0.0
orientation: 
  x: 0.0
  y: 0.0
  z: 0.918070474669
  w: 0.396417208936
