position: 
  x: -5.89410750453
  y: -75.4129059759
  z: 0.0
orientation: 
  x: 0.0
  y: 0.0
  z: 0.900616227288
  w: 0.434615244953
