position: 
  x: -10.4793363315
  y: -15.4385405583
  z: 0.0
orientation: 
  x: 0.0
  y: 0.0
  z: 0.517721252474
  w: 0.855549358446
