position: 
  x: -6.51732927461
  y: -74.6302222033
  z: 0.0
orientation: 
  x: 0.0
  y: 0.0
  z: 0.901050392152
  w: 0.433714411569
