position: 
  x: -7.14280252482
  y: -73.8480566356
  z: 0.0
orientation: 
  x: 0.0
  y: 0.0
  z: 0.901483655966
  w: 0.432813144469
