position: 
  x: -7.84032689698
  y: -72.990463014
  z: 0.0
orientation: 
  x: 0.0
  y: 0.0
  z: 0.906189965332
  w: 0.422870839301
