position: 
  x: -8.45099667988
  y: -72.261097535
  z: 0.0
orientation: 
  x: 0.0
  y: 0.0
  z: 0.91727580464
  w: 0.398252555827
