position: 
  x: -9.14190702568
  y: -71.5423302614
  z: 0.0
orientation: 
  x: 0.0
  y: 0.0
  z: 0.920432438433
  w: 0.39090168365
