position: 
  x: -9.91502982644
  y: -70.7444578898
  z: 0.0
orientation: 
  x: 0.0
  y: 0.0
  z: 0.921212400415
  w: 0.389060038197
