position: 
  x: -10.6109183968
  y: -70.0297943403
  z: 0.0
orientation: 
  x: 0.0
  y: 0.0
  z: 0.921600999782
  w: 0.38813863142
