position: 
  x: -11.3462085933
  y: -69.3963327014
  z: 0.0
orientation: 
  x: 0.0
  y: 0.0
  z: 0.943548668636
  w: 0.331233920237
