position: 
  x: -12.099969429
  y: -68.7937808844
  z: 0.0
orientation: 
  x: 0.0
  y: 0.0
  z: 0.943548668636
  w: 0.331233920237
