position: 
  x: -12.9695832127
  y: -68.1023408812
  z: 0.0
orientation: 
  x: 0.0
  y: 0.0
  z: 0.944209248938
  w: 0.32934616169
