position: 
  x: -9.98134129642
  y: -14.4869756574
  z: 0.0
orientation: 
  x: 0.0
  y: 0.0
  z: 0.517721252474
  w: 0.855549358446
