position: 
  x: -13.7546723607
  y: -67.4813467917
  z: 0.0
orientation: 
  x: 0.0
  y: 0.0
  z: 0.944866052404
  w: 0.327457085759
