position: 
  x: -14.5408820115
  y: -66.8625787043
  z: 0.0
orientation: 
  x: 0.0
  y: 0.0
  z: 0.945193037003
  w: 0.326512056135
