position: 
  x: -15.3293107004
  y: -66.243397965
  z: 0.0
orientation: 
  x: 0.0
  y: 0.0
  z: 0.944866052404
  w: 0.327457085759
