position: 
  x: -16.1753175383
  y: -65.5817756336
  z: 0.0
orientation: 
  x: 0.0
  y: 0.0
  z: 0.945519076408
  w: 0.3255667
