position: 
  x: -16.9644073136
  y: -64.9666849185
  z: 0.0
orientation: 
  x: 0.0
  y: 0.0
  z: 0.945844170294
  w: 0.324621018298
