position: 
  x: -17.7538632014
  y: -64.3520644983
  z: 0.0
orientation: 
  x: 0.0
  y: 0.0
  z: 0.946168318336
  w: 0.323675011975
