position: 
  x: -18.5184230529
  y: -63.7239190165
  z: 0.0
orientation: 
  x: 0.0
  y: 0.0
  z: 0.938819078976
  w: 0.344410709692
