position: 
  x: -19.3831565385
  y: -63.0493416842
  z: 0.0
orientation: 
  x: 0.0
  y: 0.0
  z: 0.948727413587
  w: 0.316095388622
