position: 
  x: -20.183503721
  y: -62.4481392337
  z: 0.0
orientation: 
  x: 0.0
  y: 0.0
  z: 0.948727413587
  w: 0.316095388622
