position: 
  x: -20.9847378757
  y: -61.8489538776
  z: 0.0
orientation: 
  x: 0.0
  y: 0.0
  z: 0.949043034559
  w: 0.315146503319
