position: 
  x: -9.51928661058
  y: -13.5995618088
  z: 0.0
orientation: 
  x: 0.0
  y: 0.0
  z: 0.520285566955
  w: 0.853992347049
