position: 
  x: -21.7842314905
  y: -61.2524516261
  z: 0.0
orientation: 
  x: 0.0
  y: 0.0
  z: 0.949357706489
  w: 0.31419730287
