position: 
  x: -22.5587946723
  y: -60.6760485273
  z: 0.0
orientation: 
  x: 0.0
  y: 0.0
  z: 0.94967142906
  w: 0.313247788223
