position: 
  x: -23.4517165219
  y: -60.0149808885
  z: 0.0
orientation: 
  x: 0.0
  y: 0.0
  z: 0.94967142906
  w: 0.313247788223
