position: 
  x: -24.2574105826
  y: -59.4218066995
  z: 0.0
orientation: 
  x: 0.0
  y: 0.0
  z: 0.950606897497
  w: 0.310397368595
