position: 
  x: -25.0656421456
  y: -58.8320940551
  z: 0.0
orientation: 
  x: 0.0
  y: 0.0
  z: 0.950916819511
  w: 0.309446606657
