position: 
  x: -25.936748648
  y: -58.2004698319
  z: 0.0
orientation: 
  x: 0.0
  y: 0.0
  z: 0.951533810478
  w: 0.307544155393
