position: 
  x: -26.7476438021
  y: -57.6144250641
  z: 0.0
orientation: 
  x: 0.0
  y: 0.0
  z: 0.951840878816
  w: 0.306592467969
