position: 
  x: -27.5490082667
  y: -57.063711059
  z: 0.0
orientation: 
  x: 0.0
  y: 0.0
  z: 0.967001380244
  w: 0.254771133778
