position: 
  x: -28.5169106738
  y: -56.5172725426
  z: 0.0
orientation: 
  x: 0.0
  y: 0.0
  z: 0.967255667834
  w: 0.253804005174
