position: 
  x: -29.354270075
  y: -56.0390644987
  z: 0.0
orientation: 
  x: 0.0
  y: 0.0
  z: 0.96750898817
  w: 0.252836622765
