position: 
  x: -9.05992786442
  y: -12.7118748071
  z: 0.0
orientation: 
  x: 0.0
  y: 0.0
  z: 0.521139299017
  w: 0.853471634572
