position: 
  x: -30.2279777238
  y: -55.5505624774
  z: 0.0
orientation: 
  x: 0.0
  y: 0.0
  z: 0.968012726061
  w: 0.250901100406
