position: 
  x: -31.1023695568
  y: -55.0643138117
  z: 0.0
orientation: 
  x: 0.0
  y: 0.0
  z: 0.968263143113
  w: 0.24993296239
