position: 
  x: -32.0749674821
  y: -54.5262771998
  z: 0.0
orientation: 
  x: 0.0
  y: 0.0
  z: 0.968512591902
  w: 0.248964574442
