position: 
  x: -32.9533381064
  y: -54.0430903001
  z: 0.0
orientation: 
  x: 0.0
  y: 0.0
  z: 0.968761072179
  w: 0.247995937529
