position: 
  x: -33.8298029025
  y: -53.5647491939
  z: 0.0
orientation: 
  x: 0.0
  y: 0.0
  z: 0.969008583694
  w: 0.247027052621
