position: 
  x: -34.6982770207
  y: -53.0864647544
  z: 0.0
orientation: 
  x: 0.0
  y: 0.0
  z: 0.966232716486
  w: 0.257670987098
