position: 
  x: -35.5670453954
  y: -52.5882254535
  z: 0.0
orientation: 
  x: 0.0
  y: 0.0
  z: 0.966489904314
  w: 0.256704625707
