position: 
  x: -36.5011297773
  y: -52.0551348146
  z: 0.0
orientation: 
  x: 0.0
  y: 0.0
  z: 0.966746125652
  w: 0.255738007612
