position: 
  x: -37.3730508551
  y: -51.5604045948
  z: 0.0
orientation: 
  x: 0.0
  y: 0.0
  z: 0.967001380244
  w: 0.254771133778
