position: 
  x: -38.2397696049
  y: -51.0779587439
  z: 0.0
orientation: 
  x: 0.0
  y: 0.0
  z: 0.970473295015
  w: 0.241208589529
