position: 
  x: -8.59881796883
  y: -11.8275829713
  z: 0.0
orientation: 
  x: 0.0
  y: 0.0
  z: 0.52199250994
  w: 0.852950068624
