position: 
  x: -39.1914689818
  y: -50.5769928139
  z: 0.0
orientation: 
  x: 0.0
  y: 0.0
  z: 0.970714018328
  w: 0.240237995792
