position: 
  x: -40.0770745328
  y: -50.1125569732
  z: 0.0
orientation: 
  x: 0.0
  y: 0.0
  z: 0.971192552572
  w: 0.238296088573
