position: 
  x: -40.9606709391
  y: -49.6437030474
  z: 0.0
orientation: 
  x: 0.0
  y: 0.0
  z: 0.971430363024
  w: 0.237324777035
