position: 
  x: -41.8496632848
  y: -49.1825154853
  z: 0.0
orientation: 
  x: 0.0
  y: 0.0
  z: 0.971667202047
  w: 0.236353228171
