position: 
  x: -42.7376892639
  y: -48.7417566374
  z: 0.0
orientation: 
  x: 0.0
  y: 0.0
  z: 0.975982262542
  w: 0.217850001616
