position: 
  x: -43.7439732003
  y: -48.2697151291
  z: 0.0
orientation: 
  x: 0.0
  y: 0.0
  z: 0.976199624516
  w: 0.216873910591
