position: 
  x: -44.6178080441
  y: -47.8614623172
  z: 0.0
orientation: 
  x: 0.0
  y: 0.0
  z: 0.976416010291
  w: 0.215897602692
