position: 
  x: -45.5255859493
  y: -47.4396341667
  z: 0.0
orientation: 
  x: 0.0
  y: 0.0
  z: 0.976416010291
  w: 0.215897602692
