position: 
  x: -46.5340446455
  y: -46.9734475545
  z: 0.0
orientation: 
  x: 0.0
  y: 0.0
  z: 0.976845852377
  w: 0.213944340178
