position: 
  x: -47.442831782
  y: -46.5549923249
  z: 0.0
orientation: 
  x: 0.0
  y: 0.0
  z: 0.977059308258
  w: 0.212967387516
