position: 
  x: -8.14362986508
  y: -10.9332589664
  z: 0.0
orientation: 
  x: 0.0
  y: 0.0
  z: 0.52284519887
  w: 0.852427649727
