position: 
  x: -48.3449243634
  y: -46.1535459474
  z: 0.0
orientation: 
  x: 0.0
  y: 0.0
  z: 0.981315861028
  w: 0.192403692518
