position: 
  x: -49.3404713032
  y: -45.7479491913
  z: 0.0
orientation: 
  x: 0.0
  y: 0.0
  z: 0.981315861028
  w: 0.192403692518
