position: 
  x: -50.2683786008
  y: -45.3711353955
  z: 0.0
orientation: 
  x: 0.0
  y: 0.0
  z: 0.981507774031
  w: 0.191422280618
