position: 
  x: -51.1956405681
  y: -44.995389341
  z: 0.0
orientation: 
  x: 0.0
  y: 0.0
  z: 0.981698705526
  w: 0.190440677297
