position: 
  x: -52.1239851133
  y: -44.6263908801
  z: 0.0
orientation: 
  x: 0.0
  y: 0.0
  z: 0.982452612624
  w: 0.186512369423
