position: 
  x: -53.0566814129
  y: -44.2643613605
  z: 0.0
orientation: 
  x: 0.0
  y: 0.0
  z: 0.983372889954
  w: 0.181597795427
