position: 
  x: -54.0602835919
  y: -43.8875856255
  z: 0.0
orientation: 
  x: 0.0
  y: 0.0
  z: 0.984091412226
  w: 0.177662861576
