position: 
  x: -54.9976983889
  y: -43.5393718857
  z: 0.0
orientation: 
  x: 0.0
  y: 0.0
  z: 0.98444476953
  w: 0.175694324739
