position: 
  x: -55.9366155815
  y: -43.1923350914
  z: 0.0
orientation: 
  x: 0.0
  y: 0.0
  z: 0.98444476953
  w: 0.175694324739
