position: 
  x: -56.8756523399
  y: -42.8470703351
  z: 0.0
orientation: 
  x: 0.0
  y: 0.0
  z: 0.984619971603
  w: 0.174709792286
