position: 
  x: -7.64163031852
  y: -9.94326136726
  z: 0.0
orientation: 
  x: 0.0
  y: 0.0
  z: 0.52284519887
  w: 0.852427649727
