position: 
  x: -57.9197795366
  y: -42.4659817443
  z: 0.0
orientation: 
  x: 0.0
  y: 0.0
  z: 0.984794189056
  w: 0.173725085124
