position: 
  x: -58.8601151206
  y: -42.1242678994
  z: 0.0
orientation: 
  x: 0.0
  y: 0.0
  z: 0.984967421715
  w: 0.172740204236
