position: 
  x: -59.8009069251
  y: -41.7838108087
  z: 0.0
orientation: 
  x: 0.0
  y: 0.0
  z: 0.985139669407
  w: 0.171755150608
