position: 
  x: -60.6302821425
  y: -41.5038328199
  z: 0.0
orientation: 
  x: 0.0
  y: 0.0
  z: 0.988829131633
  w: 0.149053508624
