position: 
  x: -61.7672098517
  y: -41.155821275
  z: 0.0
orientation: 
  x: 0.0
  y: 0.0
  z: 0.989125260794
  w: 0.147075553572
