position: 
  x: -62.7216840437
  y: -40.8660213722
  z: 0.0
orientation: 
  x: 0.0
  y: 0.0
  z: 0.989271841761
  w: 0.146086354938
