position: 
  x: -63.6818399936
  y: -40.5777431697
  z: 0.0
orientation: 
  x: 0.0
  y: 0.0
  z: 0.989417433456
  w: 0.145097010218
