position: 
  x: -64.640402383
  y: -40.2911118587
  z: 0.0
orientation: 
  x: 0.0
  y: 0.0
  z: 0.989562035733
  w: 0.144107520401
