position: 
  x: -65.6526089599
  y: -39.9739250312
  z: 0.0
orientation: 
  x: 0.0
  y: 0.0
  z: 0.985139669407
  w: 0.171755150608
