position: 
  x: -66.5250852366
  y: -39.5922227731
  z: 0.0
orientation: 
  x: 0.0
  y: 0.0
  z: 0.964932289035
  w: 0.26249890967
