position: 
  x: -14.8156065756
  y: -25.6269828811
  z: 0.0
orientation: 
  x: 0.0
  y: 0.0
  z: 0.604537641214
  w: 0.796576575324
