position: 
  x: -7.20706050392
  y: -9.0827710238
  z: 0.0
orientation: 
  x: 0.0
  y: 0.0
  z: 0.524549007343
  w: 0.851380255171
