position: 
  x: -67.2958815158
  y: -39.020934207
  z: 0.0
orientation: 
  x: 0.0
  y: 0.0
  z: 0.940868632143
  w: 0.338771629641
