position: 
  x: -68.0783440722
  y: -38.2930393335
  z: 0.0
orientation: 
  x: 0.0
  y: 0.0
  z: 0.910786626818
  w: 0.412877367276
