position: 
  x: -68.6302898849
  y: -37.5558977855
  z: 0.0
orientation: 
  x: 0.0
  y: 0.0
  z: 0.871956912312
  w: 0.489582621292
