position: 
  x: -69.0601047016
  y: -36.7051321771
  z: 0.0
orientation: 
  x: 0.0
  y: 0.0
  z: 0.823858510682
  w: 0.566795513724
