position: 
  x: -69.3393398792
  y: -35.7838938691
  z: 0.0
orientation: 
  x: 0.0
  y: 0.0
  z: 0.780324980902
  w: 0.625374227308
