position: 
  x: -69.4897538715
  y: -34.736666845
  z: 0.0
orientation: 
  x: 0.0
  y: 0.0
  z: 0.711889693246
  w: 0.702291296152
