position: 
  x: -69.3907155504
  y: -33.8081489671
  z: 0.0
orientation: 
  x: 0.0
  y: 0.0
  z: 0.612473047575
  w: 0.790491471171
