position: 
  x: -69.0528071838
  y: -32.9413309401
  z: 0.0
orientation: 
  x: 0.0
  y: 0.0
  z: 0.501373346806
  w: 0.865231048398
