position: 
  x: -68.496945422
  y: -32.1927875312
  z: 0.0
orientation: 
  x: 0.0
  y: 0.0
  z: 0.383132600881
  w: 0.923693352873
