position: 
  x: -67.7037567065
  y: -31.581952949
  z: 0.0
orientation: 
  x: 0.0
  y: 0.0
  z: 0.247583501434
  w: 0.968866559345
