position: 
  x: -6.7577323484
  y: -8.18884509237
  z: 0.0
orientation: 
  x: 0.0
  y: 0.0
  z: 0.525400125182
  w: 0.850855280561
