position: 
  x: -66.8421157533
  y: -31.2365455796
  z: 0.0
orientation: 
  x: 0.0
  y: 0.0
  z: 0.117910368462
  w: 0.993024241904
