position: 
  x: -65.9141769255
  y: -31.1283372673
  z: 0.0
orientation: 
  x: 0.0
  y: 0.0
  z: -0.0158140336077
  w: 0.999874950352
