position: 
  x: -64.8600090501
  y: -31.2834545355
  z: 0.0
orientation: 
  x: 0.0
  y: 0.0
  z: -0.100644006176
  w: 0.994922501515
