position: 
  x: -63.9148583279
  y: -31.4756731125
  z: 0.0
orientation: 
  x: 0.0
  y: 0.0
  z: -0.0996490335183
  w: 0.995022648043
