position: 
  x: -62.9333434346
  y: -31.672214786
  z: 0.0
orientation: 
  x: 0.0
  y: 0.0
  z: -0.0976587902509
  w: 0.995219955933
