position: 
  x: -61.9517402852
  y: -31.8657441598
  z: 0.0
orientation: 
  x: 0.0
  y: 0.0
  z: -0.0966635216314
  w: 0.995317117097
