position: 
  x: -60.9697517962
  y: -32.0573110086
  z: 0.0
orientation: 
  x: 0.0
  y: 0.0
  z: -0.0956681563485
  w: 0.995413282944
