position: 
  x: -59.8783720953
  y: -32.2678374184
  z: 0.0
orientation: 
  x: 0.0
  y: 0.0
  z: -0.0946726953973
  w: 0.995508453378
