position: 
  x: -58.896146236
  y: -32.4555377056
  z: 0.0
orientation: 
  x: 0.0
  y: 0.0
  z: -0.0946726953973
  w: 0.995508453378
