position: 
  x: -57.9479581897
  y: -32.6348781853
  z: 0.0
orientation: 
  x: 0.0
  y: 0.0
  z: -0.0926814904726
  w: 0.995695807626
