position: 
  x: -6.25984306334
  y: -7.19285950321
  z: 0.0
orientation: 
  x: 0.0
  y: 0.0
  z: 0.526250717621
  w: 0.850329455096
