position: 
  x: -56.8955754322
  y: -32.8669286089
  z: 0.0
orientation: 
  x: 0.0
  y: 0.0
  z: -0.157160433044
  w: 0.987573085035
