position: 
  x: -55.9443473977
  y: -33.1786400661
  z: 0.0
orientation: 
  x: 0.0
  y: 0.0
  z: -0.157160433044
  w: 0.987573085035
