position: 
  x: -55.0032356297
  y: -33.477532993
  z: 0.0
orientation: 
  x: 0.0
  y: 0.0
  z: -0.130441917865
  w: 0.991455952659
