position: 
  x: -54.0408883303
  y: -33.6976605513
  z: 0.0
orientation: 
  x: 0.0
  y: 0.0
  z: -0.103628316306
  w: 0.994616092801
