position: 
  x: -53.0647524875
  y: -33.9029971055
  z: 0.0
orientation: 
  x: 0.0
  y: 0.0
  z: -0.102633648565
  w: 0.994719223792
