position: 
  x: -52.0120480888
  y: -34.1232509518
  z: 0.0
orientation: 
  x: 0.0
  y: 0.0
  z: -0.10163887819
  w: 0.994821360064
