position: 
  x: -51.0308862774
  y: -34.3265354981
  z: 0.0
orientation: 
  x: 0.0
  y: 0.0
  z: -0.10163887819
  w: 0.994821360064
