position: 
  x: -50.0819342355
  y: -34.4824382003
  z: 0.0
orientation: 
  x: 0.0
  y: 0.0
  z: -0.0398041745475
  w: 0.999207499816
