position: 
  x: -49.0096968023
  y: -34.566139836
  z: 0.0
orientation: 
  x: 0.0
  y: 0.0
  z: -0.0388049473121
  w: 0.99924680438
