position: 
  x: -48.0326751155
  y: -34.6474372554
  z: 0.0
orientation: 
  x: 0.0
  y: 0.0
  z: -0.0777361869586
  w: 0.996973964172
