position: 
  x: -5.81612502829
  y: -6.31407385838
  z: 0.0
orientation: 
  x: 0.0
  y: 0.0
  z: 0.503102805003
  w: 0.864226571912
