position: 
  x: -47.1205088295
  y: -34.7948331518
  z: 0.0
orientation: 
  x: 0.0
  y: 0.0
  z: -0.0817234502923
  w: 0.996655044472
