position: 
  x: -46.058837893
  y: -34.9667438312
  z: 0.0
orientation: 
  x: 0.0
  y: 0.0
  z: -0.0787331218886
  w: 0.996895729511
