position: 
  x: -44.9597197439
  y: -35.1419791021
  z: 0.0
orientation: 
  x: 0.0
  y: 0.0
  z: -0.0787331218886
  w: 0.996895729511
