position: 
  x: -43.9724735934
  y: -35.298003827
  z: 0.0
orientation: 
  x: 0.0
  y: 0.0
  z: -0.0777361869587
  w: 0.996973964172
