position: 
  x: -42.9838719992
  y: -35.451839191
  z: 0.0
orientation: 
  x: 0.0
  y: 0.0
  z: -0.0767391742925
  w: 0.997051201859
