position: 
  x: -41.9968185891
  y: -35.6025893097
  z: 0.0
orientation: 
  x: 0.0
  y: 0.0
  z: -0.0697579927753
  w: 0.997563944038
