position: 
  x: -40.9468484201
  y: -35.6878952156
  z: 0.0
orientation: 
  x: 0.0
  y: 0.0
  z: -0.0258118257711
  w: 0.99966681932
