position: 
  x: -39.947081386
  y: -35.7375538169
  z: 0.0
orientation: 
  x: 0.0
  y: 0.0
  z: -0.0238124418417
  w: 0.999716443605
