position: 
  x: -38.9477160178
  y: -35.785189002
  z: 0.0
orientation: 
  x: 0.0
  y: 0.0
  z: -0.0228127136586
  w: 0.999739756184
