position: 
  x: -37.9512322374
  y: -35.8301789969
  z: 0.0
orientation: 
  x: 0.0
  y: 0.0
  z: -0.0218129626626
  w: 0.999762069024
