position: 
  x: -5.23029934438
  y: -5.63620312569
  z: 0.0
orientation: 
  x: 0.0
  y: 0.0
  z: 0.323272187037
  w: 0.946306025072
