position: 
  x: -36.9553855375
  y: -35.8775563067
  z: 0.0
orientation: 
  x: 0.0
  y: 0.0
  z: -0.0298102758909
  w: 0.999555574969
