position: 
  x: -35.8927167115
  y: -35.9467379505
  z: 0.0
orientation: 
  x: 0.0
  y: 0.0
  z: -0.0497940928197
  w: 0.998759504746
