position: 
  x: -34.8979308275
  y: -36.0487066237
  z: 0.0
orientation: 
  x: 0.0
  y: 0.0
  z: -0.0517915109095
  w: 0.998657919108
