position: 
  x: -33.79230315
  y: -36.1628052868
  z: 0.0
orientation: 
  x: 0.0
  y: 0.0
  z: -0.050792827261
  w: 0.998709211282
