position: 
  x: -32.9300364273
  y: -36.2142869929
  z: 0.0
orientation: 
  x: 0.0
  y: 0.0
  z: -0.00381468356864
  w: 0.999992724068
