position: 
  x: -31.8535623545
  y: -36.2216849649
  z: 0.0
orientation: 
  x: 0.0
  y: 0.0
  z: -0.00281468910387
  w: 0.999996038755
