position: 
  x: -30.8540727652
  y: -36.2259795179
  z: 0.0
orientation: 
  x: 0.0
  y: 0.0
  z: -0.00181469182446
  w: 0.999998353445
