position: 
  x: -29.8530760899
  y: -36.2282015294
  z: 0.0
orientation: 
  x: 0.0
  y: 0.0
  z: 0.000185307178495
  w: 0.999999982831
