position: 
  x: -28.7415779542
  y: -36.2273445934
  z: 0.0
orientation: 
  x: 0.0
  y: 0.0
  z: 0.00118530690204
  w: 0.999999297524
