position: 
  x: -27.7392954335
  y: -36.2301693219
  z: 0.0
orientation: 
  x: 0.0
  y: 0.0
  z: 0.00218530544022
  w: 0.999997612217
