position: 
  x: -4.43293402053
  y: -5.1852044453
  z: 0.0
orientation: 
  x: 0.0
  y: 0.0
  z: 0.16640756419
  w: 0.986057058481
