position: 
  x: -26.7408073871
  y: -36.2253552839
  z: 0.0
orientation: 
  x: 0.0
  y: 0.0
  z: 0.00318530179315
  w: 0.999994926913
