position: 
  x: -25.6780614542
  y: -36.2616926441
  z: 0.0
orientation: 
  x: 0.0
  y: 0.0
  z: -0.0218129626626
  w: 0.999762069024
