position: 
  x: -24.6784440333
  y: -36.3037004793
  z: 0.0
orientation: 
  x: 0.0
  y: 0.0
  z: -0.0208131898538
  w: 0.999783382102
