position: 
  x: -23.678796054
  y: -36.3449639418
  z: 0.0
orientation: 
  x: 0.0
  y: 0.0
  z: -0.0198133962317
  w: 0.999803695397
