position: 
  x: -22.6949484687
  y: -36.3795786764
  z: 0.0
orientation: 
  x: 0.0
  y: 0.0
  z: 0.00718524535178
  w: 0.999974185791
