position: 
  x: -21.5930878211
  y: -36.3307719703
  z: 0.0
orientation: 
  x: 0.0
  y: 0.0
  z: 0.0251826447585
  w: 0.999682866915
