position: 
  x: -20.5923408727
  y: -36.2806915261
  z: 0.0
orientation: 
  x: 0.0
  y: 0.0
  z: 0.0251826447586
  w: 0.999682866915
