position: 
  x: -19.6291135236
  y: -36.2311698777
  z: 0.0
orientation: 
  x: 0.0
  y: 0.0
  z: 0.0261823148676
  w: 0.999657184433
