position: 
  x: -18.5177470415
  y: -36.1709029085
  z: 0.0
orientation: 
  x: 0.0
  y: 0.0
  z: 0.0281815755389
  w: 0.999602820524
