position: 
  x: -17.6301554441
  y: -36.1208878751
  z: 0.0
orientation: 
  x: 0.0
  y: 0.0
  z: 0.0281815755389
  w: 0.999602820524
