position: 
  x: -3.46491147083
  y: -5.01093035486
  z: 0.0
orientation: 
  x: 0.0
  y: 0.0
  z: -0.00581466005406
  w: 0.999983094721
