position: 
  x: -16.6317527167
  y: -36.0644003771
  z: 0.0
orientation: 
  x: 0.0
  y: 0.0
  z: 0.0281815755389
  w: 0.999602820524
