position: 
  x: -15.5368310952
  y: -35.9975529509
  z: 0.0
orientation: 
  x: 0.0
  y: 0.0
  z: 0.0581524813864
  w: 0.998307712536
