position: 
  x: -14.4868139051
  y: -35.8293787872
  z: 0.0
orientation: 
  x: 0.0
  y: 0.0
  z: 0.0830894028175
  w: 0.996542097023
