position: 
  x: -13.4999694271
  y: -35.6616391263
  z: 0.0
orientation: 
  x: 0.0
  y: 0.0
  z: 0.0850823195041
  w: 0.996373925245
