position: 
  x: -12.5140933116
  y: -35.4912056522
  z: 0.0
orientation: 
  x: 0.0
  y: 0.0
  z: 0.0860786507221
  w: 0.996288344753
