position: 
  x: -11.5286891079
  y: -35.3180680502
  z: 0.0
orientation: 
  x: 0.0
  y: 0.0
  z: 0.0870748958615
  w: 0.996201767972
