position: 
  x: -10.4697956581
  y: -35.1298035381
  z: 0.0
orientation: 
  x: 0.0
  y: 0.0
  z: 0.088071053926
  w: 0.99611419499
