position: 
  x: -9.48550560902
  y: -34.9532514614
  z: 0.0
orientation: 
  x: 0.0
  y: 0.0
  z: 0.0900631048458
  w: 0.995936060772
