position: 
  x: -8.50127594884
  y: -34.7735521688
  z: 0.0
orientation: 
  x: 0.0
  y: 0.0
  z: 0.091058995709
  w: 0.995845499714
