position: 
  x: -7.52064968465
  y: -34.5936073215
  z: 0.0
orientation: 
  x: 0.0
  y: 0.0
  z: 0.091058995709
  w: 0.995845499714
