position: 
  x: -2.56021508741
  y: -5.1545720384
  z: 0.0
orientation: 
  x: 0.0
  y: 0.0
  z: -0.167028141343
  w: 0.985952128655
