position: 
  x: -6.53540126823
  y: -34.4111596914
  z: 0.0
orientation: 
  x: 0.0
  y: 0.0
  z: 0.0930505032627
  w: 0.995661390154
