position: 
  x: -5.58122207308
  y: -34.285418586
  z: 0.0
orientation: 
  x: 0.0
  y: 0.0
  z: 0.0161846005271
  w: 0.999869020775
