position: 
  x: -4.55043059243
  y: -34.3436914451
  z: 0.0
orientation: 
  x: 0.0
  y: 0.0
  z: -0.0637713893833
  w: 0.997964533386
