position: 
  x: -3.44889886726
  y: -34.4845314283
  z: 0.0
orientation: 
  x: 0.0
  y: 0.0
  z: -0.0627733931305
  w: 0.998027805782
