position: 
  x: -2.45625713404
  y: -34.6096698419
  z: 0.0
orientation: 
  x: 0.0
  y: 0.0
  z: -0.0617753341044
  w: 0.998090080151
