position: 
  x: -1.52930735418
  y: -34.8019397934
  z: 0.0
orientation: 
  x: 0.0
  y: 0.0
  z: -0.168014009794
  w: 0.985784607565
