position: 
  x: -0.699069890147
  y: -35.2157109615
  z: 0.0
orientation: 
  x: 0.0
  y: 0.0
  z: -0.302976768298
  w: 0.952997942218
