position: 
  x: 0.0312360774066
  y: -35.8935632369
  z: 0.0
orientation: 
  x: 0.0
  y: 0.0
  z: -0.440193974694
  w: 0.897902703327
