position: 
  x: 0.468348402601
  y: -36.6884417625
  z: 0.0
orientation: 
  x: 0.0
  y: 0.0
  z: -0.592222840624
  w: 0.805774228331
