position: 
  x: 0.595575592999
  y: -37.5844876737
  z: 0.0
orientation: 
  x: 0.0
  y: 0.0
  z: -0.726912122849
  w: 0.686730489825
