position: 
  x: -1.74166871749
  y: -5.5821943542
  z: 0.0
orientation: 
  x: 0.0
  y: 0.0
  z: -0.307737950954
  w: 0.951471152239
