position: 
  x: 0.397766505051
  y: -38.467754648
  z: 0.0
orientation: 
  x: 0.0
  y: 0.0
  z: -0.838112973928
  w: 0.545496693788
