position: 
  x: -0.164952965699
  y: -39.297580866
  z: 0.0
orientation: 
  x: 0.0
  y: 0.0
  z: -0.928300080067
  w: 0.371831899313
