position: 
  x: -0.914442126904
  y: -39.8738233335
  z: 0.0
orientation: 
  x: 0.0
  y: 0.0
  z: -0.962430184704
  w: 0.271529260985
