position: 
  x: -1.73267238797
  y: -40.2895425288
  z: 0.0
orientation: 
  x: 0.0
  y: 0.0
  z: -0.982939628831
  w: 0.183928480865
