position: 
  x: -3.61058664661
  y: -40.6960929948
  z: 0.0
orientation: 
  x: 0.0
  y: 0.0
  z: -0.999118900624
  w: 0.0419693032529
