position: 
  x: -4.66500581647
  y: -40.7028535471
  z: 0.0
orientation: 
  x: 0.0
  y: 0.0
  z: 0.997755109733
  w: 0.0669682088903
