position: 
  x: -5.56639750691
  y: -40.4687155009
  z: 0.0
orientation: 
  x: 0.0
  y: 0.0
  z: 0.979863751581
  w: 0.199667294111
