position: 
  x: -6.35932644088
  y: -40.019733294
  z: 0.0
orientation: 
  x: 0.0
  y: 0.0
  z: 0.954141270938
  w: 0.299356702103
