position: 
  x: -7.18079420099
  y: -39.4477268852
  z: 0.0
orientation: 
  x: 0.0
  y: 0.0
  z: 0.954141270938
  w: 0.299356702103
