position: 
  x: -0.841215798289
  y: -6.23381844712
  z: 0.0
orientation: 
  x: 0.0
  y: 0.0
  z: -0.308689268078
  w: 0.951162938604
