position: 
  x: -8.00274711646
  y: -38.8781728631
  z: 0.0
orientation: 
  x: 0.0
  y: 0.0
  z: 0.954738075661
  w: 0.29744782212
