position: 
  x: -8.91832212774
  y: -38.2479730397
  z: 0.0
orientation: 
  x: 0.0
  y: 0.0
  z: 0.955035046064
  w: 0.296492935479
