position: 
  x: -9.74528351698
  y: -37.681280728
  z: 0.0
orientation: 
  x: 0.0
  y: 0.0
  z: 0.955331061433
  w: 0.295537752346
