position: 
  x: -10.6321786687
  y: -37.0764514973
  z: 0.0
orientation: 
  x: 0.0
  y: 0.0
  z: 0.955035046064
  w: 0.296492935479
