position: 
  x: -11.3959707505
  y: -36.4896936898
  z: 0.0
orientation: 
  x: 0.0
  y: 0.0
  z: 0.931231612533
  w: 0.364427885623
