position: 
  x: -12.0818971444
  y: -35.7859632158
  z: 0.0
orientation: 
  x: 0.0
  y: 0.0
  z: 0.918305251507
  w: 0.395873041587
