position: 
  x: -12.7698202492
  y: -35.0581157935
  z: 0.0
orientation: 
  x: 0.0
  y: 0.0
  z: 0.91870066533
  w: 0.394954538552
