position: 
  x: -13.5354216496
  y: -34.2523342648
  z: 0.0
orientation: 
  x: 0.0
  y: 0.0
  z: 0.919095160452
  w: 0.394035640562
