position: 
  x: -14.2250517454
  y: -33.5281731329
  z: 0.0
orientation: 
  x: 0.0
  y: 0.0
  z: 0.919095160452
  w: 0.394035640562
