position: 
  x: -14.9141619896
  y: -32.8076633917
  z: 0.0
orientation: 
  x: 0.0
  y: 0.0
  z: 0.919881393018
  w: 0.392196663396
