position: 
  x: -14.5462250713
  y: -24.6660267832
  z: 0.0
orientation: 
  x: 0.0
  y: 0.0
  z: 0.604537641214
  w: 0.796576575324
