position: 
  x: -0.103119298077
  y: -6.81881894244
  z: 0.0
orientation: 
  x: 0.0
  y: 0.0
  z: -0.351164660846
  w: 0.936313719313
