position: 
  x: -15.596434579
  y: -32.0986081797
  z: 0.0
orientation: 
  x: 0.0
  y: 0.0
  z: 0.905169343891
  w: 0.425051125019
