position: 
  x: -16.2740903356
  y: -31.3868419007
  z: 0.0
orientation: 
  x: 0.0
  y: 0.0
  z: 0.92066394606
  w: 0.390356117443
