position: 
  x: -17.0488816828
  y: -30.5919893953
  z: 0.0
orientation: 
  x: 0.0
  y: 0.0
  z: 0.922218001064
  w: 0.386670348635
