position: 
  x: -17.7589481492
  y: -29.941609945
  z: 0.0
orientation: 
  x: 0.0
  y: 0.0
  z: 0.948914582028
  w: 0.315533066435
