position: 
  x: -18.5649704114
  y: -29.3548262191
  z: 0.0
orientation: 
  x: 0.0
  y: 0.0
  z: 0.95140845453
  w: 0.307931733749
