position: 
  x: -19.4343801349
  y: -28.7643406221
  z: 0.0
orientation: 
  x: 0.0
  y: 0.0
  z: 0.965349134892
  w: 0.260961774526
