position: 
  x: -20.299244189
  y: -28.2613401401
  z: 0.0
orientation: 
  x: 0.0
  y: 0.0
  z: 0.965609613948
  w: 0.259996295071
