position: 
  x: -21.1580283421
  y: -27.7678603113
  z: 0.0
orientation: 
  x: 0.0
  y: 0.0
  z: 0.970856225754
  w: 0.239662656487
