position: 
  x: -22.0500845519
  y: -27.35077249
  z: 0.0
orientation: 
  x: 0.0
  y: 0.0
  z: 0.978027085979
  w: 0.208477862352
