position: 
  x: -23.0215152461
  y: -26.934711587
  z: 0.0
orientation: 
  x: 0.0
  y: 0.0
  z: 0.985241287698
  w: 0.171171273918
