position: 
  x: 0.533483633442
  y: -7.49185172947
  z: 0.0
orientation: 
  x: 0.0
  y: 0.0
  z: -0.480140339634
  w: 0.877191686153
