position: 
  x: -23.9648332883
  y: -26.621489421
  z: 0.0
orientation: 
  x: 0.0
  y: 0.0
  z: 0.987541055182
  w: 0.157361571958
