position: 
  x: -24.8835711118
  y: -26.3471919753
  z: 0.0
orientation: 
  x: 0.0
  y: 0.0
  z: 0.996879673007
  w: 0.0789361612025
