position: 
  x: -25.8576882996
  y: -26.257855464
  z: 0.0
orientation: 
  x: 0.0
  y: 0.0
  z: 0.999199372047
  w: 0.0400076855145
