position: 
  x: -26.9651747536
  y: -26.1660714875
  z: 0.0
orientation: 
  x: 0.0
  y: 0.0
  z: 0.99931489853
  w: 0.0370099118604
