position: 
  x: -27.8522485026
  y: -26.1004255946
  z: 0.0
orientation: 
  x: 0.0
  y: 0.0
  z: 0.999351408778
  w: 0.0360105786234
