position: 
  x: -28.9594480367
  y: -26.0216391876
  z: 0.0
orientation: 
  x: 0.0
  y: 0.0
  z: 0.999421431185
  w: 0.0340118051172
