position: 
  x: -29.9222345989
  y: -25.9563247494
  z: 0.0
orientation: 
  x: 0.0
  y: 0.0
  z: 0.999421431185
  w: 0.0340118051172
