position: 
  x: -31.0313060388
  y: -25.8829014796
  z: 0.0
orientation: 
  x: 0.0
  y: 0.0
  z: 0.999454943274
  w: 0.0330123668467
