position: 
  x: -32.0312701098
  y: -25.8190769856
  z: 0.0
orientation: 
  x: 0.0
  y: 0.0
  z: 0.999518969055
  w: 0.031013392268
