position: 
  x: -33.0050595798
  y: -25.812906118
  z: 0.0
orientation: 
  x: 0.0
  y: 0.0
  z: -0.999838334776
  w: 0.017980664962
