position: 
  x: 0.846648840787
  y: -8.30342126391
  z: 0.0
orientation: 
  x: 0.0
  y: 0.0
  z: -0.671191297217
  w: 0.741284184736
