position: 
  x: -33.9880225725
  y: -25.8572110433
  z: 0.0
orientation: 
  x: 0.0
  y: 0.0
  z: -0.998649259058
  w: 0.0519582272921
