position: 
  x: -35.025846858
  y: -26.0296250212
  z: 0.0
orientation: 
  x: 0.0
  y: 0.0
  z: -0.995300966108
  w: 0.0968296796715
