position: 
  x: -35.8710201416
  y: -26.2276671746
  z: 0.0
orientation: 
  x: 0.0
  y: 0.0
  z: -0.990218558898
  w: 0.139524928288
