position: 
  x: -36.8991164339
  y: -26.5628716121
  z: 0.0
orientation: 
  x: 0.0
  y: 0.0
  z: -0.980070226442
  w: 0.198651330833
