position: 
  x: -37.7887013661
  y: -26.9888699118
  z: 0.0
orientation: 
  x: 0.0
  y: 0.0
  z: -0.97389805465
  w: 0.226985856715
