position: 
  x: -38.6857449539
  y: -27.4319411093
  z: 0.0
orientation: 
  x: 0.0
  y: 0.0
  z: -0.973670581882
  w: 0.227959641115
