position: 
  x: -39.6409496043
  y: -27.8417566309
  z: 0.0
orientation: 
  x: 0.0
  y: 0.0
  z: -0.986909634854
  w: 0.161274215648
