position: 
  x: -40.5155144943
  y: -28.1368214063
  z: 0.0
orientation: 
  x: 0.0
  y: 0.0
  z: -0.986585112819
  w: 0.163247711053
