position: 
  x: -41.534450245
  y: -28.4810148128
  z: 0.0
orientation: 
  x: 0.0
  y: 0.0
  z: -0.98674786721
  w: 0.162261044481
