position: 
  x: -42.5862352591
  y: -28.8388801845
  z: 0.0
orientation: 
  x: 0.0
  y: 0.0
  z: -0.986421371843
  w: 0.164234214378
