position: 
  x: 0.677871792947
  y: -9.21337338561
  z: 0.0
orientation: 
  x: 0.0
  y: 0.0
  z: -0.86583391113
  w: 0.500331528427
