position: 
  x: -43.5341579346
  y: -29.1636044752
  z: 0.0
orientation: 
  x: 0.0
  y: 0.0
  z: -0.986421371843
  w: 0.164234214378
