position: 
  x: -44.4458793525
  y: -29.4782812309
  z: 0.0
orientation: 
  x: 0.0
  y: 0.0
  z: -0.986256644445
  w: 0.165220553468
