position: 
  x: -45.391696337
  y: -29.8060473448
  z: 0.0
orientation: 
  x: 0.0
  y: 0.0
  z: -0.985924231046
  w: 0.167192735001
