position: 
  x: -46.4148378734
  y: -30.2007313274
  z: 0.0
orientation: 
  x: 0.0
  y: 0.0
  z: -0.980465568699
  w: 0.196690794385
