position: 
  x: -47.3375523344
  y: -30.5875093954
  z: 0.0
orientation: 
  x: 0.0
  y: 0.0
  z: -0.980268387705
  w: 0.197671161445
