position: 
  x: -48.207273615
  y: -30.9844558857
  z: 0.0
orientation: 
  x: 0.0
  y: 0.0
  z: -0.959666816241
  w: 0.281139826077
