position: 
  x: -49.0159428118
  y: -31.5413850843
  z: 0.0
orientation: 
  x: 0.0
  y: 0.0
  z: -0.950180569643
  w: 0.311699992097
