position: 
  x: -49.8791874038
  y: -32.1811943179
  z: 0.0
orientation: 
  x: 0.0
  y: 0.0
  z: -0.94924119526
  w: 0.314549126881
