position: 
  x: -50.6226207943
  y: -32.8141211849
  z: 0.0
orientation: 
  x: 0.0
  y: 0.0
  z: -0.932333986887
  w: 0.361598308756
