position: 
  x: -51.3611141205
  y: -33.4883819706
  z: 0.0
orientation: 
  x: 0.0
  y: 0.0
  z: -0.932333986887
  w: 0.361598308756
