position: 
  x: 0.124296134454
  y: -10.0166614724
  z: 0.0
orientation: 
  x: 0.0
  y: 0.0
  z: -0.888843354274
  w: 0.458211186641
