position: 
  x: -52.094595742
  y: -34.1658719382
  z: 0.0
orientation: 
  x: 0.0
  y: 0.0
  z: -0.929779977308
  w: 0.368115734243
