position: 
  x: -52.7283435161
  y: -34.8861806706
  z: 0.0
orientation: 
  x: 0.0
  y: 0.0
  z: -0.898269099203
  w: 0.439445816246
