position: 
  x: -53.4104986579
  y: -35.7637316894
  z: 0.0
orientation: 
  x: 0.0
  y: 0.0
  z: -0.897829204326
  w: 0.440343865473
