position: 
  x: -53.9403701539
  y: -36.4649592694
  z: 0.0
orientation: 
  x: 0.0
  y: 0.0
  z: -0.889757998351
  w: 0.456432584695
