position: 
  x: -54.4859489559
  y: -37.3575879224
  z: 0.0
orientation: 
  x: 0.0
  y: 0.0
  z: -0.860787387899
  w: 0.508964706865
