position: 
  x: -54.9408706113
  y: -38.2384966812
  z: 0.0
orientation: 
  x: 0.0
  y: 0.0
  z: -0.85096227284
  w: 0.525226817863
