position: 
  x: -55.3408720873
  y: -39.2159863691
  z: 0.0
orientation: 
  x: 0.0
  y: 0.0
  z: -0.790003491884
  w: 0.613102342852
