position: 
  x: -55.5140621763
  y: -40.1505820872
  z: 0.0
orientation: 
  x: 0.0
  y: 0.0
  z: -0.726912122849
  w: 0.686730489825
