position: 
  x: -55.4273910551
  y: -41.0351825837
  z: 0.0
orientation: 
  x: 0.0
  y: 0.0
  z: -0.628648923416
  w: 0.777689225261
