position: 
  x: -55.1757079539
  y: -41.9755962237
  z: 0.0
orientation: 
  x: 0.0
  y: 0.0
  z: -0.584135621741
  w: 0.811656069658
