position: 
  x: -0.443051424549
  y: -10.776517597
  z: 0.0
orientation: 
  x: 0.0
  y: 0.0
  z: -0.90347764784
  w: 0.428635206037
