position: 
  x: -54.8357162381
  y: -42.9074334777
  z: 0.0
orientation: 
  x: 0.0
  y: 0.0
  z: -0.569431973988
  w: 0.822038458346
