position: 
  x: -54.4443386731
  y: -43.9477478977
  z: 0.0
orientation: 
  x: 0.0
  y: 0.0
  z: -0.568609650951
  w: 0.822607479206
