position: 
  x: -54.0533835001
  y: -44.8208310853
  z: 0.0
orientation: 
  x: 0.0
  y: 0.0
  z: -0.494113351139
  w: 0.86939749035
