position: 
  x: -53.4849263208
  y: -45.5835167521
  z: 0.0
orientation: 
  x: 0.0
  y: 0.0
  z: -0.4112406316
  w: 0.911526819639
