position: 
  x: -52.7179027997
  y: -46.2660952982
  z: 0.0
orientation: 
  x: 0.0
  y: 0.0
  z: -0.323867714394
  w: 0.946102374785
