position: 
  x: -51.9260602911
  y: -46.8776382609
  z: 0.0
orientation: 
  x: 0.0
  y: 0.0
  z: -0.322921450243
  w: 0.946425769394
