position: 
  x: -51.1335856164
  y: -47.4883617177
  z: 0.0
orientation: 
  x: 0.0
  y: 0.0
  z: -0.321974863171
  w: 0.946748217577
