position: 
  x: -50.342902035
  y: -48.0964939716
  z: 0.0
orientation: 
  x: 0.0
  y: 0.0
  z: -0.321027954124
  w: 0.947069719013
