position: 
  x: -49.4609480761
  y: -48.772124833
  z: 0.0
orientation: 
  x: 0.0
  y: 0.0
  z: -0.321027954124
  w: 0.947069719013
