position: 
  x: -48.6744538259
  y: -49.3848287597
  z: 0.0
orientation: 
  x: 0.0
  y: 0.0
  z: -0.32859415822
  w: 0.944471216705
