position: 
  x: -1.08255919977
  y: -11.5394229872
  z: 0.0
orientation: 
  x: 0.0
  y: 0.0
  z: -0.906455934666
  w: 0.422300412631
