position: 
  x: -47.9272543341
  y: -49.9875467387
  z: 0.0
orientation: 
  x: 0.0
  y: 0.0
  z: -0.338022283405
  w: 0.941138106721
