position: 
  x: -47.2290879877
  y: -50.6252945097
  z: 0.0
orientation: 
  x: 0.0
  y: 0.0
  z: -0.435698977471
  w: 0.90009244027
