position: 
  x: -46.7364770481
  y: -51.5423099949
  z: 0.0
orientation: 
  x: 0.0
  y: 0.0
  z: -0.547032086866
  w: 0.837111638874
