position: 
  x: -46.3431600811
  y: -52.4464139065
  z: 0.0
orientation: 
  x: 0.0
  y: 0.0
  z: -0.570253727594
  w: 0.821468615448
