position: 
  x: -46.1280939077
  y: -53.3502740399
  z: 0.0
orientation: 
  x: 0.0
  y: 0.0
  z: -0.67783558175
  w: 0.735213522803
