position: 
  x: -46.2122318338
  y: -54.3021855939
  z: 0.0
orientation: 
  x: 0.0
  y: 0.0
  z: -0.816784043198
  w: 0.576943521306
