position: 
  x: -46.666524403
  y: -55.0322158784
  z: 0.0
orientation: 
  x: 0.0
  y: 0.0
  z: -0.930514348726
  w: 0.366255439297
