position: 
  x: -47.4438112871
  y: -55.5222237576
  z: 0.0
orientation: 
  x: 0.0
  y: 0.0
  z: -0.973212715563
  w: 0.229906525061
