position: 
  x: -48.217556027
  y: -55.8597511143
  z: 0.0
orientation: 
  x: 0.0
  y: 0.0
  z: -0.989508559457
  w: 0.144474256395
