position: 
  x: -49.2835303051
  y: -56.1155628887
  z: 0.0
orientation: 
  x: 0.0
  y: 0.0
  z: -0.993736606119
  w: 0.111747741178
