position: 
  x: -1.79698708188
  y: -12.3909063408
  z: 0.0
orientation: 
  x: 0.0
  y: 0.0
  z: -0.906033181096
  w: 0.423206657264
