position: 
  x: -50.3199712029
  y: -56.3469012186
  z: 0.0
orientation: 
  x: 0.0
  y: 0.0
  z: -0.995954383556
  w: 0.0898602574892
