position: 
  x: -51.3012429087
  y: -56.4987183706
  z: 0.0
orientation: 
  x: 0.0
  y: 0.0
  z: -0.99726460689
  w: 0.0739141653808
