position: 
  x: -52.2877339425
  y: -56.6465025669
  z: 0.0
orientation: 
  x: 0.0
  y: 0.0
  z: -0.997190194105
  w: 0.0749113928645
