position: 
  x: -53.3867140034
  y: -56.812852194
  z: 0.0
orientation: 
  x: 0.0
  y: 0.0
  z: -0.99711478413
  w: 0.0759085454366
