position: 
  x: -54.3766944797
  y: -56.964310957
  z: 0.0
orientation: 
  x: 0.0
  y: 0.0
  z: -0.997190194105
  w: 0.0749113928645
