position: 
  x: -55.3298304408
  y: -57.1119259331
  z: 0.0
orientation: 
  x: 0.0
  y: 0.0
  z: -0.996960972911
  w: 0.0779026218584
