position: 
  x: -56.3187386995
  y: -57.2670415178
  z: 0.0
orientation: 
  x: 0.0
  y: 0.0
  z: -0.996960972911
  w: 0.0779026218584
