position: 
  x: -57.4155850884
  y: -57.4406416789
  z: 0.0
orientation: 
  x: 0.0
  y: 0.0
  z: -0.996882571822
  w: 0.0788995437139
