position: 
  x: -58.4062980099
  y: -57.5924719338
  z: 0.0
orientation: 
  x: 0.0
  y: 0.0
  z: -0.99680317385
  w: 0.0798963866697
