position: 
  x: -59.3928825924
  y: -57.7526257046
  z: 0.0
orientation: 
  x: 0.0
  y: 0.0
  z: -0.996722779075
  w: 0.0808931497292
