position: 
  x: -2.43892878791
  y: -13.1583109375
  z: 0.0
orientation: 
  x: 0.0
  y: 0.0
  z: -0.905609521493
  w: 0.424112478691
