position: 
  x: -60.3800719395
  y: -57.9152776892
  z: 0.0
orientation: 
  x: 0.0
  y: 0.0
  z: -0.996641387577
  w: 0.0818898318956
