position: 
  x: -61.4156948046
  y: -58.0306833203
  z: 0.0
orientation: 
  x: 0.0
  y: 0.0
  z: -0.999819854195
  w: 0.0189804941398
