position: 
  x: -62.4153895187
  y: -58.0708027871
  z: 0.0
orientation: 
  x: 0.0
  y: 0.0
  z: -0.999800373794
  w: 0.0199803043371
