position: 
  x: -63.4105309758
  y: -58.1121403109
  z: 0.0
orientation: 
  x: 0.0
  y: 0.0
  z: -0.999758413612
  w: 0.0219798637911
