position: 
  x: -64.4106049699
  y: -58.1551752527
  z: 0.0
orientation: 
  x: 0.0
  y: 0.0
  z: -0.999758413612
  w: 0.0219798637911
