position: 
  x: -65.5108198096
  y: -58.2157421763
  z: 0.0
orientation: 
  x: 0.0
  y: 0.0
  z: -0.999200840938
  w: 0.0399709828449
