position: 
  x: -66.4721960192
  y: -58.2932968762
  z: 0.0
orientation: 
  x: 0.0
  y: 0.0
  z: -0.999160370361
  w: 0.0409701635338
