position: 
  x: -67.4531683083
  y: -58.3812221871
  z: 0.0
orientation: 
  x: 0.0
  y: 0.0
  z: -0.997757568939
  w: 0.0669315592531
