position: 
  x: -68.4414377212
  y: -58.5271786392
  z: 0.0
orientation: 
  x: 0.0
  y: 0.0
  z: -0.997190194105
  w: 0.0749113928645
