position: 
  x: -69.5267585738
  y: -58.7111331207
  z: 0.0
orientation: 
  x: 0.0
  y: 0.0
  z: -0.995492634737
  w: 0.0948388854071
