position: 
  x: -3.06042064708
  y: -13.9165029293
  z: 0.0
orientation: 
  x: 0.0
  y: 0.0
  z: -0.885614125589
  w: 0.46442181318
