position: 
  x: -70.4987088752
  y: -58.9140321269
  z: 0.0
orientation: 
  x: 0.0
  y: 0.0
  z: -0.993847856974
  w: 0.110753948864
