position: 
  x: -71.4050502105
  y: -59.1146405252
  z: 0.0
orientation: 
  x: 0.0
  y: 0.0
  z: -0.993511123313
  w: 0.11373498957
