position: 
  x: -72.3793471383
  y: -59.3421117124
  z: 0.0
orientation: 
  x: 0.0
  y: 0.0
  z: -0.993396891587
  w: 0.11472844366
