position: 
  x: -73.4614832563
  y: -59.595902831
  z: 0.0
orientation: 
  x: 0.0
  y: 0.0
  z: -0.993281666464
  w: 0.115721783022
