position: 
  x: -74.4141863383
  y: -59.8353244912
  z: 0.0
orientation: 
  x: 0.0
  y: 0.0
  z: -0.988623908019
  w: 0.150408671601
