position: 
  x: -75.3714036749
  y: -60.1348935078
  z: 0.0
orientation: 
  x: 0.0
  y: 0.0
  z: -0.988321113629
  w: 0.152385617281
