position: 
  x: -76.3242061934
  y: -60.435169561
  z: 0.0
orientation: 
  x: 0.0
  y: 0.0
  z: -0.988321113629
  w: 0.152385617281
