position: 
  x: -77.2778588868
  y: -60.7377350212
  z: 0.0
orientation: 
  x: 0.0
  y: 0.0
  z: -0.988168233877
  w: 0.153373862038
