position: 
  x: -78.3022636921
  y: -61.0652914972
  z: 0.0
orientation: 
  x: 0.0
  y: 0.0
  z: -0.988014365957
  w: 0.15436195342
