position: 
  x: -79.2550839903
  y: -61.3721023664
  z: 0.0
orientation: 
  x: 0.0
  y: 0.0
  z: -0.987703666227
  w: 0.156337672111
