position: 
  x: -14.2253925972
  y: -23.7484773109
  z: 0.0
orientation: 
  x: 0.0
  y: 0.0
  z: 0.55900499728
  w: 0.829164285902
