position: 
  x: -3.47846612523
  y: -14.7361893916
  z: 0.0
orientation: 
  x: 0.0
  y: 0.0
  z: -0.810388377512
  w: 0.585893059861
