position: 
  x: -80.2065178947
  y: -61.6815730917
  z: 0.0
orientation: 
  x: 0.0
  y: 0.0
  z: -0.98754683473
  w: 0.157325297443
