position: 
  x: -81.1151410132
  y: -62.0022141457
  z: 0.0
orientation: 
  x: 0.0
  y: 0.0
  z: -0.974574628661
  w: 0.224063145498
