position: 
  x: -82.0711557795
  y: -62.5305556278
  z: 0.0
orientation: 
  x: 0.0
  y: 0.0
  z: -0.965619163494
  w: 0.259960826074
