position: 
  x: -82.8767450734
  y: -63.0668248799
  z: 0.0
orientation: 
  x: 0.0
  y: 0.0
  z: -0.945398351781
  w: 0.325917100579
