position: 
  x: -83.5343978559
  y: -63.6706053786
  z: 0.0
orientation: 
  x: 0.0
  y: 0.0
  z: -0.897829204326
  w: 0.440343865473
