position: 
  x: -84.2026661731
  y: -64.5550091387
  z: 0.0
orientation: 
  x: 0.0
  y: 0.0
  z: -0.894724825715
  w: 0.446617830197
