position: 
  x: -84.8030839694
  y: -65.3553201738
  z: 0.0
orientation: 
  x: 0.0
  y: 0.0
  z: -0.894277760597
  w: 0.447512331565
