position: 
  x: -85.4035639575
  y: -66.1562096882
  z: 0.0
orientation: 
  x: 0.0
  y: 0.0
  z: -0.894277760597
  w: 0.447512331565
