position: 
  x: -85.9808582748
  y: -66.9288609972
  z: 0.0
orientation: 
  x: 0.0
  y: 0.0
  z: -0.893829801201
  w: 0.44840638542
