position: 
  x: -86.6438328528
  y: -67.8203674131
  z: 0.0
orientation: 
  x: 0.0
  y: 0.0
  z: -0.892931201369
  w: 0.450193147018
