position: 
  x: -3.7740770208
  y: -15.7592484069
  z: 0.0
orientation: 
  x: 0.0
  y: 0.0
  z: -0.797303663857
  w: 0.60357838563
