position: 
  x: -87.191100691
  y: -68.6333164404
  z: 0.0
orientation: 
  x: 0.0
  y: 0.0
  z: -0.873728049653
  w: 0.486414735847
