position: 
  x: -87.7169677445
  y: -69.4844699945
  z: 0.0
orientation: 
  x: 0.0
  y: 0.0
  z: -0.873241198134
  w: 0.487288220544
