position: 
  x: -88.2426205332
  y: -70.3386927716
  z: 0.0
orientation: 
  x: 0.0
  y: 0.0
  z: -0.872264875861
  w: 0.4890337272
