position: 
  x: -88.803731603
  y: -71.2538723133
  z: 0.0
orientation: 
  x: 0.0
  y: 0.0
  z: -0.872753473375
  w: 0.488161217952
