position: 
  x: -89.3256198335
  y: -72.1074708181
  z: 0.0
orientation: 
  x: 0.0
  y: 0.0
  z: -0.872264875861
  w: 0.4890337272
