position: 
  x: -89.8458072139
  y: -72.9626927772
  z: 0.0
orientation: 
  x: 0.0
  y: 0.0
  z: -0.87128506453
  w: 0.490777277721
