position: 
  x: -90.4247727691
  y: -73.908914098
  z: 0.0
orientation: 
  x: 0.0
  y: 0.0
  z: -0.867828305245
  w: 0.49686419937
