position: 
  x: -90.830238286
  y: -74.679470525
  z: 0.0
orientation: 
  x: 0.0
  y: 0.0
  z: -0.849382765423
  w: 0.527777337333
