position: 
  x: -91.3212649693
  y: -75.6749562174
  z: 0.0
orientation: 
  x: 0.0
  y: 0.0
  z: -0.849382765423
  w: 0.527777337333
