position: 
  x: -91.7462245283
  y: -76.5419038056
  z: 0.0
orientation: 
  x: 0.0
  y: 0.0
  z: -0.847795613566
  w: 0.530323106811
