position: 
  x: -4.04545649303
  y: -16.7222401814
  z: 0.0
orientation: 
  x: 0.0
  y: 0.0
  z: -0.79669968692
  w: 0.604375387372
