position: 
  x: -92.2324372002
  y: -77.540861736
  z: 0.0
orientation: 
  x: 0.0
  y: 0.0
  z: -0.847795613566
  w: 0.530323106811
