position: 
  x: -92.6687935883
  y: -78.398181545
  z: 0.0
orientation: 
  x: 0.0
  y: 0.0
  z: -0.886078104518
  w: 0.463535966991
