position: 
  x: -93.3004499129
  y: -78.9806666116
  z: 0.0
orientation: 
  x: 0.0
  y: 0.0
  z: -0.973212715563
  w: 0.229906525061
