position: 
  x: -94.1342264599
  y: -79.1767971646
  z: 0.0
orientation: 
  x: 0.0
  y: 0.0
  z: 0.99960751126
  w: 0.0280147002989
