position: 
  x: -95.0777913198
  y: -78.938156648
  z: 0.0
orientation: 
  x: 0.0
  y: 0.0
  z: 0.975454994567
  w: 0.220198895488
