position: 
  x: -95.9544879931
  y: -78.4795313175
  z: 0.0
orientation: 
  x: 0.0
  y: 0.0
  z: 0.970616077709
  w: 0.24063339272
