position: 
  x: -97.6546528822
  y: -77.5207631252
  z: 0.0
orientation: 
  x: 0.0
  y: 0.0
  z: 0.94440427129
  w: 0.328786514883
