position: 
  x: -98.5071973669
  y: -76.8170265773
  z: 0.0
orientation: 
  x: 0.0
  y: 0.0
  z: 0.94073055668
  w: 0.339154860984
