position: 
  x: -99.2463220016
  y: -76.1976943632
  z: 0.0
orientation: 
  x: 0.0
  y: 0.0
  z: 0.941069241119
  w: 0.338213961007
