position: 
  x: -4.31468478685
  y: -17.6863541548
  z: 0.0
orientation: 
  x: 0.0
  y: 0.0
  z: -0.79669968692
  w: 0.604375387372
