position: 
  x: -99.9515619779
  y: -75.5278467205
  z: 0.0
orientation: 
  x: 0.0
  y: 0.0
  z: 0.92105384178
  w: 0.389435258473
