position: 
  x: -100.646659023
  y: -74.8124126176
  z: 0.0
orientation: 
  x: 0.0
  y: 0.0
  z: 0.921442816447
  w: 0.388514010067
