position: 
  x: -101.345955407
  y: -74.0947859321
  z: 0.0
orientation: 
  x: 0.0
  y: 0.0
  z: 0.921442816447
  w: 0.388514010067
