position: 
  x: -102.122429553
  y: -73.3008732987
  z: 0.0
orientation: 
  x: 0.0
  y: 0.0
  z: 0.921830869671
  w: 0.387592373147
