position: 
  x: -102.798599595
  y: -72.61238391
  z: 0.0
orientation: 
  x: 0.0
  y: 0.0
  z: 0.922604210239
  w: 0.385747937453
