position: 
  x: -103.501506825
  y: -71.900400483
  z: 0.0
orientation: 
  x: 0.0
  y: 0.0
  z: 0.92298949681
  w: 0.384825140522
