position: 
  x: -104.283803002
  y: -71.1108158051
  z: 0.0
orientation: 
  x: 0.0
  y: 0.0
  z: 0.923373860392
  w: 0.383901958767
