position: 
  x: -104.988817228
  y: -70.4009184705
  z: 0.0
orientation: 
  x: 0.0
  y: 0.0
  z: 0.9237573006
  w: 0.382978393109
