position: 
  x: -105.696839381
  y: -69.6918995151
  z: 0.0
orientation: 
  x: 0.0
  y: 0.0
  z: 0.9237573006
  w: 0.382978393109
