position: 
  x: -106.403920498
  y: -68.9854756536
  z: 0.0
orientation: 
  x: 0.0
  y: 0.0
  z: 0.924139817051
  w: 0.382054444473
