position: 
  x: -4.58163260316
  y: -18.6505826836
  z: 0.0
orientation: 
  x: 0.0
  y: 0.0
  z: -0.796094913284
  w: 0.605171784739
