position: 
  x: -107.165918703
  y: -68.2300391093
  z: 0.0
orientation: 
  x: 0.0
  y: 0.0
  z: 0.926415495497
  w: 0.376502761881
