position: 
  x: -107.907241653
  y: -67.5832909477
  z: 0.0
orientation: 
  x: 0.0
  y: 0.0
  z: 0.937987243516
  w: 0.346669772264
