position: 
  x: -108.664883138
  y: -66.9294056245
  z: 0.0
orientation: 
  x: 0.0
  y: 0.0
  z: 0.938678706624
  w: 0.344793105689
