position: 
  x: -109.427456676
  y: -66.2817320174
  z: 0.0
orientation: 
  x: 0.0
  y: 0.0
  z: 0.939023030333
  w: 0.343854254742
