position: 
  x: -110.276119974
  y: -65.5639568465
  z: 0.0
orientation: 
  x: 0.0
  y: 0.0
  z: 0.939366415019
  w: 0.342915059941
