position: 
  x: -111.038833564
  y: -64.9226504352
  z: 0.0
orientation: 
  x: 0.0
  y: 0.0
  z: 0.942414564811
  w: 0.334446988372
