position: 
  x: -111.813751814
  y: -64.3057438726
  z: 0.0
orientation: 
  x: 0.0
  y: 0.0
  z: 0.947325061862
  w: 0.320273675422
