position: 
  x: -112.582742153
  y: -63.757007112
  z: 0.0
orientation: 
  x: 0.0
  y: 0.0
  z: 0.959937183952
  w: 0.280215279502
