position: 
  x: -113.431004699
  y: -63.2350602765
  z: 0.0
orientation: 
  x: 0.0
  y: 0.0
  z: 0.962691293585
  w: 0.270602057004
