position: 
  x: -114.379561693
  y: -62.6576101122
  z: 0.0
orientation: 
  x: 0.0
  y: 0.0
  z: 0.962420210228
  w: 0.271564612836
