position: 
  x: -4.87578069774
  y: -19.7224526742
  z: 0.0
orientation: 
  x: 0.0
  y: 0.0
  z: -0.794275818228
  w: 0.607557342625
