position: 
  x: -115.194987871
  y: -62.1217159208
  z: 0.0
orientation: 
  x: 0.0
  y: 0.0
  z: 0.948598574557
  w: 0.316481823093
