position: 
  x: -116.055750271
  y: -61.4769002919
  z: 0.0
orientation: 
  x: 0.0
  y: 0.0
  z: 0.948914582028
  w: 0.315533066436
