position: 
  x: -116.857646239
  y: -60.8786009471
  z: 0.0
orientation: 
  x: 0.0
  y: 0.0
  z: 0.949229640585
  w: 0.314583994245
