position: 
  x: -117.660471552
  y: -60.2823874083
  z: 0.0
orientation: 
  x: 0.0
  y: 0.0
  z: 0.949856909695
  w: 0.312684907062
