position: 
  x: -118.466841044
  y: -59.6884433658
  z: 0.0
orientation: 
  x: 0.0
  y: 0.0
  z: 0.950169119622
  w: 0.311734893968
