position: 
  x: -119.270454569
  y: -59.0902851331
  z: 0.0
orientation: 
  x: 0.0
  y: 0.0
  z: 0.950790688656
  w: 0.309833933526
