position: 
  x: -120.137988791
  y: -58.457151132
  z: 0.0
orientation: 
  x: 0.0
  y: 0.0
  z: 0.950790688656
  w: 0.309833933526
