position: 
  x: -120.947142585
  y: -57.8687052397
  z: 0.0
orientation: 
  x: 0.0
  y: 0.0
  z: 0.951100047143
  w: 0.308882988079
