position: 
  x: -121.755307866
  y: -57.2996806366
  z: 0.0
orientation: 
  x: 0.0
  y: 0.0
  z: 0.958524114202
  w: 0.28501144274
