position: 
  x: -122.595166452
  y: -56.7596524285
  z: 0.0
orientation: 
  x: 0.0
  y: 0.0
  z: 0.959937183952
  w: 0.280215279502
