position: 
  x: -5.09436451967
  y: -20.6644966988
  z: 0.0
orientation: 
  x: 0.0
  y: 0.0
  z: -0.753135076504
  w: 0.65786591076
