position: 
  x: -123.436531515
  y: -56.2238267049
  z: 0.0
orientation: 
  x: 0.0
  y: 0.0
  z: 0.960216919216
  w: 0.279255202371
