position: 
  x: -124.375148136
  y: -55.628486546
  z: 0.0
orientation: 
  x: 0.0
  y: 0.0
  z: 0.960495694264
  w: 0.278294845984
