position: 
  x: -125.221782898
  y: -55.0925647398
  z: 0.0
orientation: 
  x: 0.0
  y: 0.0
  z: 0.960495694264
  w: 0.278294845984
