position: 
  x: -126.037899086
  y: -54.5776099286
  z: 0.0
orientation: 
  x: 0.0
  y: 0.0
  z: 0.961050362594
  w: 0.276373299286
