position: 
  x: -126.979843611
  y: -53.9847296918
  z: 0.0
orientation: 
  x: 0.0
  y: 0.0
  z: 0.961050362594
  w: 0.276373299286
