position: 
  x: -127.826936836
  y: -53.4551702715
  z: 0.0
orientation: 
  x: 0.0
  y: 0.0
  z: 0.961050362594
  w: 0.276373299287
