position: 
  x: -128.675620439
  y: -52.9262708318
  z: 0.0
orientation: 
  x: 0.0
  y: 0.0
  z: 0.961601186724
  w: 0.274450647096
