position: 
  x: -129.525631348
  y: -52.3985586645
  z: 0.0
orientation: 
  x: 0.0
  y: 0.0
  z: 0.961875156524
  w: 0.273488908845
