position: 
  x: -130.346274714
  y: -51.8908486436
  z: 0.0
orientation: 
  x: 0.0
  y: 0.0
  z: 0.961875156525
  w: 0.273488908845
