position: 
  x: -131.29104477
  y: -51.3072231734
  z: 0.0
orientation: 
  x: 0.0
  y: 0.0
  z: 0.96214816445
  w: 0.272526897104
