position: 
  x: -5.13264814052
  y: -21.5201127147
  z: 0.0
orientation: 
  x: 0.0
  y: 0.0
  z: -0.715133230559
  w: 0.698988170536
