position: 
  x: -132.143319264
  y: -50.7831740331
  z: 0.0
orientation: 
  x: 0.0
  y: 0.0
  z: 0.962420210228
  w: 0.271564612836
