position: 
  x: -132.997333755
  y: -50.2600486056
  z: 0.0
orientation: 
  x: 0.0
  y: 0.0
  z: 0.962691293585
  w: 0.270602057004
