position: 
  x: -133.910990443
  y: -49.7633929227
  z: 0.0
orientation: 
  x: 0.0
  y: 0.0
  z: 0.978235074793
  w: 0.20749973119
