position: 
  x: -134.757912863
  y: -49.3889644521
  z: 0.0
orientation: 
  x: 0.0
  y: 0.0
  z: 0.97864811751
  w: 0.205542847346
