position: 
  x: -135.741990848
  y: -48.9562808554
  z: 0.0
orientation: 
  x: 0.0
  y: 0.0
  z: 0.97864811751
  w: 0.205542847345
