position: 
  x: -136.655829725
  y: -48.5564007867
  z: 0.0
orientation: 
  x: 0.0
  y: 0.0
  z: 0.978853170999
  w: 0.20456409662
