position: 
  x: -137.574073028
  y: -48.1566125327
  z: 0.0
orientation: 
  x: 0.0
  y: 0.0
  z: 0.979057245635
  w: 0.20358514133
