position: 
  x: -138.494326517
  y: -47.7589479676
  z: 0.0
orientation: 
  x: 0.0
  y: 0.0
  z: 0.979663594388
  w: 0.200647057866
