position: 
  x: -139.48109675
  y: -47.3362356377
  z: 0.0
orientation: 
  x: 0.0
  y: 0.0
  z: 0.979863751581
  w: 0.199667294112
