position: 
  x: -140.402428946
  y: -46.9448962741
  z: 0.0
orientation: 
  x: 0.0
  y: 0.0
  z: 0.979863751581
  w: 0.199667294112
