position: 
  x: -5.15705657116
  y: -22.5948351394
  z: 0.0
orientation: 
  x: 0.0
  y: 0.0
  z: -0.715133230559
  w: 0.698988170536
