position: 
  x: -141.323877586
  y: -46.5551123678
  z: 0.0
orientation: 
  x: 0.0
  y: 0.0
  z: 0.98006292891
  w: 0.19868733069
