position: 
  x: -142.24302014
  y: -46.1604914232
  z: 0.0
orientation: 
  x: 0.0
  y: 0.0
  z: 0.980261126176
  w: 0.19770716858
