position: 
  x: -143.26877618
  y: -45.7311115279
  z: 0.0
orientation: 
  x: 0.0
  y: 0.0
  z: 0.980654579728
  w: 0.195746252221
