position: 
  x: -144.191770847
  y: -45.3463000866
  z: 0.0
orientation: 
  x: 0.0
  y: 0.0
  z: 0.980654579728
  w: 0.195746252221
