position: 
  x: -145.179372118
  y: -44.935856701
  z: 0.0
orientation: 
  x: 0.0
  y: 0.0
  z: 0.978853170999
  w: 0.20456409662
