position: 
  x: -146.04654101
  y: -44.4835749718
  z: 0.0
orientation: 
  x: 0.0
  y: 0.0
  z: 0.969154814979
  w: 0.246452722856
