position: 
  x: -146.926224399
  y: -44.0059168307
  z: 0.0
orientation: 
  x: 0.0
  y: 0.0
  z: 0.969154814979
  w: 0.246452722856
