position: 
  x: -147.805959266
  y: -43.5294031199
  z: 0.0
orientation: 
  x: 0.0
  y: 0.0
  z: 0.969400783083
  w: 0.245483444976
