position: 
  x: -148.686984338
  y: -43.0542242197
  z: 0.0
orientation: 
  x: 0.0
  y: 0.0
  z: 0.969889810845
  w: 0.243544153736
