position: 
  x: -149.634721839
  y: -42.5458035043
  z: 0.0
orientation: 
  x: 0.0
  y: 0.0
  z: 0.969645781787
  w: 0.244513921613
