position: 
  x: -5.17826645106
  y: -23.5951099966
  z: 0.0
orientation: 
  x: 0.0
  y: 0.0
  z: -0.714433884939
  w: 0.699702954154
