position: 
  x: -150.514412658
  y: -42.0755411686
  z: 0.0
orientation: 
  x: 0.0
  y: 0.0
  z: 0.969889810845
  w: 0.243544153736
