position: 
  x: -151.398604698
  y: -41.6052170185
  z: 0.0
orientation: 
  x: 0.0
  y: 0.0
  z: 0.970616077709
  w: 0.24063339272
