position: 
  x: -152.283886108
  y: -41.1380156323
  z: 0.0
orientation: 
  x: 0.0
  y: 0.0
  z: 0.970616077709
  w: 0.24063339272
