position: 
  x: -153.267566545
  y: -40.6215944828
  z: 0.0
orientation: 
  x: 0.0
  y: 0.0
  z: 0.971095402942
  w: 0.238691680592
