position: 
  x: -154.085714959
  y: -40.1709148324
  z: 0.0
orientation: 
  x: 0.0
  y: 0.0
  z: 0.955331061433
  w: 0.295537752346
