position: 
  x: -154.713920634
  y: -39.5411025782
  z: 0.0
orientation: 
  x: 0.0
  y: 0.0
  z: 0.873710182053
  w: 0.486446829343
