position: 
  x: -155.062568482
  y: -38.6917554132
  z: 0.0
orientation: 
  x: 0.0
  y: 0.0
  z: 0.788138024609
  w: 0.615498541156
