position: 
  x: -155.243090386
  y: -37.6475387419
  z: 0.0
orientation: 
  x: 0.0
  y: 0.0
  z: 0.72206182761
  w: 0.691828531581
