position: 
  x: -155.185925425
  y: -36.6914730112
  z: 0.0
orientation: 
  x: 0.0
  y: 0.0
  z: 0.659217725353
  w: 0.751952119873
