position: 
  x: -155.056439683
  y: -35.7014052691
  z: 0.0
orientation: 
  x: 0.0
  y: 0.0
  z: 0.659969347738
  w: 0.751292526281
