position: 
  x: -13.8644068614
  y: -22.8530005293
  z: 0.0
orientation: 
  x: 0.0
  y: 0.0
  z: 0.559833881925
  w: 0.828604866416
