position: 
  x: -5.20023595425
  y: -24.7063923014
  z: 0.0
orientation: 
  x: 0.0
  y: 0.0
  z: -0.713733824884
  w: 0.700417038068
