position: 
  x: -154.929429504
  y: -34.7079927509
  z: 0.0
orientation: 
  x: 0.0
  y: 0.0
  z: 0.660720310155
  w: 0.750632181397
