position: 
  x: -154.79442261
  y: -33.6410005307
  z: 0.0
orientation: 
  x: 0.0
  y: 0.0
  z: 0.661470611851
  w: 0.749971085881
