position: 
  x: -154.670780573
  y: -32.6481705406
  z: 0.0
orientation: 
  x: 0.0
  y: 0.0
  z: 0.662220252077
  w: 0.749309240394
