position: 
  x: -154.548320521
  y: -31.654689943
  z: 0.0
orientation: 
  x: 0.0
  y: 0.0
  z: 0.663717545118
  w: 0.747983302155
