position: 
  x: -154.429144623
  y: -30.6643351635
  z: 0.0
orientation: 
  x: 0.0
  y: 0.0
  z: 0.664465196437
  w: 0.747319210729
