position: 
  x: -154.311332831
  y: -29.669789167
  z: 0.0
orientation: 
  x: 0.0
  y: 0.0
  z: 0.663717545118
  w: 0.747983302155
