position: 
  x: -154.18448881
  y: -28.5836723571
  z: 0.0
orientation: 
  x: 0.0
  y: 0.0
  z: 0.638677214541
  w: 0.769474766075
