position: 
  x: -154.0659352
  y: -27.6080581176
  z: 0.0
orientation: 
  x: 0.0
  y: 0.0
  z: 0.665958504932
  w: 0.745988786584
