position: 
  x: -153.952884235
  y: -26.6139665904
  z: 0.0
orientation: 
  x: 0.0
  y: 0.0
  z: 0.666704160615
  w: 0.745322455195
