position: 
  x: -153.829328384
  y: -25.509859469
  z: 0.0
orientation: 
  x: 0.0
  y: 0.0
  z: 0.666704160615
  w: 0.745322455195
