position: 
  x: -5.21781850321
  y: -25.7067365906
  z: 0.0
orientation: 
  x: 0.0
  y: 0.0
  z: -0.713033051096
  w: 0.701130421565
