position: 
  x: -153.720120605
  y: -24.5148350343
  z: 0.0
orientation: 
  x: 0.0
  y: 0.0
  z: 0.668193471124
  w: 0.743987557119
