position: 
  x: -153.616538616
  y: -23.5554108726
  z: 0.0
orientation: 
  x: 0.0
  y: 0.0
  z: 0.668193471124
  w: 0.743987557119
