position: 
  x: -153.499078332
  y: -22.451140893
  z: 0.0
orientation: 
  x: 0.0
  y: 0.0
  z: 0.66893712446
  w: 0.743318991765
