position: 
  x: -153.394890779
  y: -21.4555782617
  z: 0.0
orientation: 
  x: 0.0
  y: 0.0
  z: 0.670422423579
  w: 0.741979631771
