position: 
  x: -153.293851375
  y: -20.4601940864
  z: 0.0
orientation: 
  x: 0.0
  y: 0.0
  z: 0.671164067876
  w: 0.741308838469
