position: 
  x: -153.194008703
  y: -19.4626787138
  z: 0.0
orientation: 
  x: 0.0
  y: 0.0
  z: 0.671905041009
  w: 0.740637303859
