position: 
  x: -153.089116801
  y: -18.3943159722
  z: 0.0
orientation: 
  x: 0.0
  y: 0.0
  z: 0.672645342237
  w: 0.739965028611
