position: 
  x: -152.994412832
  y: -17.3983088824
  z: 0.0
orientation: 
  x: 0.0
  y: 0.0
  z: 0.673384970819
  w: 0.739292013398
