position: 
  x: -152.902343049
  y: -16.4025568266
  z: 0.0
orientation: 
  x: 0.0
  y: 0.0
  z: 0.674862207091
  w: 0.737943765771
