position: 
  x: -152.807130025
  y: -15.4098296451
  z: 0.0
orientation: 
  x: 0.0
  y: 0.0
  z: 0.675599813302
  w: 0.737268534705
