position: 
  x: -5.17809510736
  y: -26.6452977986
  z: 0.0
orientation: 
  x: 0.0
  y: 0.0
  z: -0.677100029432
  w: 0.735890990666
