position: 
  x: -152.710785986
  y: -14.3015101429
  z: 0.0
orientation: 
  x: 0.0
  y: 0.0
  z: 0.676336743914
  w: 0.73659256637
