position: 
  x: -152.62592938
  y: -13.3041142519
  z: 0.0
orientation: 
  x: 0.0
  y: 0.0
  z: 0.676336743914
  w: 0.73659256637
