position: 
  x: -152.54573577
  y: -12.3429547854
  z: 0.0
orientation: 
  x: 0.0
  y: 0.0
  z: 0.67707299819
  w: 0.735915861442
