position: 
  x: -152.46383681
  y: -11.3453112276
  z: 0.0
orientation: 
  x: 0.0
  y: 0.0
  z: 0.678543474786
  w: 0.734560244517
