position: 
  x: -152.376363312
  y: -10.2362563731
  z: 0.0
orientation: 
  x: 0.0
  y: 0.0
  z: 0.679277695636
  w: 0.733881333876
