position: 
  x: -152.300055922
  y: -9.23967442369
  z: 0.0
orientation: 
  x: 0.0
  y: 0.0
  z: 0.680011237209
  w: 0.733201689353
