position: 
  x: -152.22588607
  y: -8.24192836422
  z: 0.0
orientation: 
  x: 0.0
  y: 0.0
  z: 0.680744098771
  w: 0.732521311628
