position: 
  x: -152.153709831
  y: -7.2440356641
  z: 0.0
orientation: 
  x: 0.0
  y: 0.0
  z: 0.681476279588
  w: 0.731840201382
