position: 
  x: -152.078001156
  y: -6.17170543976
  z: 0.0
orientation: 
  x: 0.0
  y: 0.0
  z: 0.681476279588
  w: 0.731840201382
