position: 
  x: -152.009514791
  y: -5.17355312631
  z: 0.0
orientation: 
  x: 0.0
  y: 0.0
  z: 0.683668730258
  w: 0.729792482331
