position: 
  x: -4.99360243221
  y: -27.7037483975
  z: 0.0
orientation: 
  x: 0.0
  y: 0.0
  z: -0.620840728593
  w: 0.783936725584
