position: 
  x: -151.942925436
  y: -4.17477162843
  z: 0.0
orientation: 
  x: 0.0
  y: 0.0
  z: 0.683668730258
  w: 0.729792482331
