position: 
  x: -151.878704959
  y: -3.17583432807
  z: 0.0
orientation: 
  x: 0.0
  y: 0.0
  z: 0.685126946913
  w: 0.728423686198
