position: 
  x: -151.810772519
  y: -2.17735907002
  z: 0.0
orientation: 
  x: 0.0
  y: 0.0
  z: 0.685126946913
  w: 0.728423686198
