position: 
  x: -151.747197275
  y: -1.10424188987
  z: 0.0
orientation: 
  x: 0.0
  y: 0.0
  z: 0.68658242306
  w: 0.727051976371
