position: 
  x: -151.64308432
  y: -0.232526863505
  z: 0.0
orientation: 
  x: 0.0
  y: 0.0
  z: 0.617671136325
  w: 0.786436499249
