position: 
  x: -151.375418526
  y: 0.794051949151
  z: 0.0
orientation: 
  x: 0.0
  y: 0.0
  z: 0.595411680275
  w: 0.803420768335
