position: 
  x: -151.002649316
  y: 1.67873101606
  z: 0.0
orientation: 
  x: 0.0
  y: 0.0
  z: 0.531845168349
  w: 0.846841612643
