position: 
  x: -150.536462769
  y: 2.64738681724
  z: 0.0
orientation: 
  x: 0.0
  y: 0.0
  z: 0.531845168349
  w: 0.846841612643
