position: 
  x: -150.10336577
  y: 3.54928795028
  z: 0.0
orientation: 
  x: 0.0
  y: 0.0
  z: 0.532691743898
  w: 0.846309344142
