position: 
  x: -149.665421853
  y: 4.41262358721
  z: 0.0
orientation: 
  x: 0.0
  y: 0.0
  z: 0.47835274057
  w: 0.878167783279
