position: 
  x: -4.76531495676
  y: -28.6778545961
  z: 0.0
orientation: 
  x: 0.0
  y: 0.0
  z: -0.620056481578
  w: 0.784557174241
