position: 
  x: -149.072060878
  y: 5.17909092109
  z: 0.0
orientation: 
  x: 0.0
  y: 0.0
  z: 0.42483350527
  w: 0.905271502258
