position: 
  x: -148.424304231
  y: 5.9336610144
  z: 0.0
orientation: 
  x: 0.0
  y: 0.0
  z: 0.414850017395
  w: 0.9098898082
