position: 
  x: -147.769628623
  y: 6.69023121323
  z: 0.0
orientation: 
  x: 0.0
  y: 0.0
  z: 0.415759699627
  w: 0.909474503307
