position: 
  x: -146.972093932
  y: 7.39171044205
  z: 0.0
orientation: 
  x: 0.0
  y: 0.0
  z: 0.329503784481
  w: 0.944154254353
