position: 
  x: -146.194603352
  y: 8.01101242609
  z: 0.0
orientation: 
  x: 0.0
  y: 0.0
  z: 0.34268922141
  w: 0.939448826456
