position: 
  x: -145.43552348
  y: 8.74072465176
  z: 0.0
orientation: 
  x: 0.0
  y: 0.0
  z: 0.384603237877
  w: 0.923081984124
