position: 
  x: -144.732109817
  y: 9.45220753714
  z: 0.0
orientation: 
  x: 0.0
  y: 0.0
  z: 0.385526127406
  w: 0.922696919409
