position: 
  x: -144.02959679
  y: 10.1645801453
  z: 0.0
orientation: 
  x: 0.0
  y: 0.0
  z: 0.386448631408
  w: 0.922310931998
