position: 
  x: -143.250546835
  y: 10.9566665453
  z: 0.0
orientation: 
  x: 0.0
  y: 0.0
  z: 0.386448631408
  w: 0.922310931998
