position: 
  x: -142.628431792
  y: 11.5910202331
  z: 0.0
orientation: 
  x: 0.0
  y: 0.0
  z: 0.387370748962
  w: 0.921924022275
