position: 
  x: -4.53378856734
  y: -29.6511959484
  z: 0.0
orientation: 
  x: 0.0
  y: 0.0
  z: -0.619271614506
  w: 0.785176838341
