position: 
  x: -141.876651198
  y: 12.36012692
  z: 0.0
orientation: 
  x: 0.0
  y: 0.0
  z: 0.388292479145
  w: 0.921536190629
