position: 
  x: -141.178533404
  y: 13.0768069037
  z: 0.0
orientation: 
  x: 0.0
  y: 0.0
  z: 0.389213821036
  w: 0.921147437447
