position: 
  x: -140.436063828
  y: 13.8715501293
  z: 0.0
orientation: 
  x: 0.0
  y: 0.0
  z: 0.431159945656
  w: 0.902275512946
