position: 
  x: -139.810029374
  y: 14.6519854314
  z: 0.0
orientation: 
  x: 0.0
  y: 0.0
  z: 0.432062005439
  w: 0.901843901934
