position: 
  x: -139.207577954
  y: 15.4058261147
  z: 0.0
orientation: 
  x: 0.0
  y: 0.0
  z: 0.433864827916
  w: 0.900977974812
