position: 
  x: -138.584692228
  y: 16.1881383334
  z: 0.0
orientation: 
  x: 0.0
  y: 0.0
  z: 0.433864827916
  w: 0.900977974812
