position: 
  x: -137.893425174
  y: 17.0591672716
  z: 0.0
orientation: 
  x: 0.0
  y: 0.0
  z: 0.435665914935
  w: 0.90010844378
