position: 
  x: -137.275057222
  y: 17.845690915
  z: 0.0
orientation: 
  x: 0.0
  y: 0.0
  z: 0.438364275721
  w: 0.89879739751
