position: 
  x: -136.684010184
  y: 18.6368212969
  z: 0.0
orientation: 
  x: 0.0
  y: 0.0
  z: 0.463355487011
  w: 0.886172495995
