position: 
  x: -136.115413465
  y: 19.4576125727
  z: 0.0
orientation: 
  x: 0.0
  y: 0.0
  z: 0.464241427681
  w: 0.885708697499
