position: 
  x: -4.30595930342
  y: -30.6154065867
  z: 0.0
orientation: 
  x: 0.0
  y: 0.0
  z: -0.600250837717
  w: 0.799811810253
