position: 
  x: -135.504778684
  y: 20.3429508404
  z: 0.0
orientation: 
  x: 0.0
  y: 0.0
  z: 0.46512690411
  w: 0.885244013294
