position: 
  x: -134.939482178
  y: 21.167837307
  z: 0.0
orientation: 
  x: 0.0
  y: 0.0
  z: 0.466896460703
  w: 0.884311989618
