position: 
  x: -134.37576067
  y: 21.9950116902
  z: 0.0
orientation: 
  x: 0.0
  y: 0.0
  z: 0.468664149711
  w: 0.883376428696
