position: 
  x: -133.815297004
  y: 22.8201697934
  z: 0.0
orientation: 
  x: 0.0
  y: 0.0
  z: 0.467780539097
  w: 0.88384465108
