position: 
  x: -133.19200207
  y: 23.7404597084
  z: 0.0
orientation: 
  x: 0.0
  y: 0.0
  z: 0.468664149711
  w: 0.883376428696
