position: 
  x: -132.632286725
  y: 24.5709528086
  z: 0.0
orientation: 
  x: 0.0
  y: 0.0
  z: 0.471312166034
  w: 0.881966463165
