position: 
  x: -132.094951792
  y: 25.3725105124
  z: 0.0
orientation: 
  x: 0.0
  y: 0.0
  z: 0.471312166034
  w: 0.881966463165
