position: 
  x: -131.540111424
  y: 26.205067764
  z: 0.0
orientation: 
  x: 0.0
  y: 0.0
  z: 0.472193896694
  w: 0.881494710094
