position: 
  x: -130.92884867
  y: 27.1061074591
  z: 0.0
orientation: 
  x: 0.0
  y: 0.0
  z: 0.432963633159
  w: 0.901411389079
