position: 
  x: -130.283042823
  y: 27.8550380836
  z: 0.0
orientation: 
  x: 0.0
  y: 0.0
  z: 0.413029409292
  w: 0.910717687903
