position: 
  x: -3.96458270381
  y: -31.6198661547
  z: 0.0
orientation: 
  x: 0.0
  y: 0.0
  z: -0.579255200133
  w: 0.815146252595
