position: 
  x: -129.626569767
  y: 28.6093865058
  z: 0.0
orientation: 
  x: 0.0
  y: 0.0
  z: 0.414850017395
  w: 0.909889808201
