position: 
  x: -128.989431076
  y: 29.3272078288
  z: 0.0
orientation: 
  x: 0.0
  y: 0.0
  z: 0.405730528633
  w: 0.913992745122
