position: 
  x: -128.313227271
  y: 30.0495077413
  z: 0.0
orientation: 
  x: 0.0
  y: 0.0
  z: 0.386448631408
  w: 0.922310931998
