position: 
  x: -127.528656069
  y: 30.8311610204
  z: 0.0
orientation: 
  x: 0.0
  y: 0.0
  z: 0.381832265365
  w: 0.924231638241
