position: 
  x: -126.820538326
  y: 31.5358374231
  z: 0.0
orientation: 
  x: 0.0
  y: 0.0
  z: 0.385526127406
  w: 0.922696919409
