position: 
  x: -126.155161702
  y: 32.2679614883
  z: 0.0
orientation: 
  x: 0.0
  y: 0.0
  z: 0.410295401696
  w: 0.911952676046
