position: 
  x: -125.444816848
  y: 33.0721603307
  z: 0.0
orientation: 
  x: 0.0
  y: 0.0
  z: 0.412118485241
  w: 0.911130261885
