position: 
  x: -124.784841954
  y: 33.8241127224
  z: 0.0
orientation: 
  x: 0.0
  y: 0.0
  z: 0.413029409292
  w: 0.910717687903
