position: 
  x: -124.189008449
  y: 34.5237518516
  z: 0.0
orientation: 
  x: 0.0
  y: 0.0
  z: 0.422115783087
  w: 0.906541927143
