position: 
  x: -123.525277574
  y: 35.3556893154
  z: 0.0
orientation: 
  x: 0.0
  y: 0.0
  z: 0.442852764442
  w: 0.89659435032
