position: 
  x: -3.63542354232
  y: -32.5646697117
  z: 0.0
orientation: 
  x: 0.0
  y: 0.0
  z: -0.578439764388
  w: 0.815725100125
