position: 
  x: -122.918169866
  y: 36.1496791094
  z: 0.0
orientation: 
  x: 0.0
  y: 0.0
  z: 0.447330181866
  w: 0.894368888318
