position: 
  x: -122.326044216
  y: 37.0286715519
  z: 0.0
orientation: 
  x: 0.0
  y: 0.0
  z: 0.473955940552
  w: 0.880548559942
