position: 
  x: -121.776024562
  y: 37.8644213127
  z: 0.0
orientation: 
  x: 0.0
  y: 0.0
  z: 0.474836251987
  w: 0.880074163806
