position: 
  x: -121.228271997
  y: 38.701060237
  z: 0.0
orientation: 
  x: 0.0
  y: 0.0
  z: 0.476595449469
  w: 0.879122731787
