position: 
  x: -120.676382658
  y: 39.5359184033
  z: 0.0
orientation: 
  x: 0.0
  y: 0.0
  z: 0.476595449469
  w: 0.879122731787
