position: 
  x: -120.072515384
  y: 40.4684749171
  z: 0.0
orientation: 
  x: 0.0
  y: 0.0
  z: 0.47835274057
  w: 0.878167783279
