position: 
  x: -119.53075953
  y: 41.3096050171
  z: 0.0
orientation: 
  x: 0.0
  y: 0.0
  z: 0.47923066903
  w: 0.877688991534
