position: 
  x: -118.99068281
  y: 42.1518142467
  z: 0.0
orientation: 
  x: 0.0
  y: 0.0
  z: 0.48010811826
  w: 0.877209322101
