position: 
  x: -117.875021284
  y: 43.9031405709
  z: 0.0
orientation: 
  x: 0.0
  y: 0.0
  z: 0.482737581794
  w: 0.875765052467
