position: 
  x: -3.36042582737
  y: -33.4697185242
  z: 0.0
orientation: 
  x: 0.0
  y: 0.0
  z: -0.660747881969
  w: 0.750607911278
