position: 
  x: -117.340058264
  y: 44.7491989213
  z: 0.0
orientation: 
  x: 0.0
  y: 0.0
  z: 0.482737581794
  w: 0.875765052467
