position: 
  x: -116.805675861
  y: 45.5950326563
  z: 0.0
orientation: 
  x: 0.0
  y: 0.0
  z: 0.483613105332
  w: 0.875281877084
