position: 
  x: -116.234952687
  y: 46.5066095586
  z: 0.0
orientation: 
  x: 0.0
  y: 0.0
  z: 0.484488145257
  w: 0.874797826418
