position: 
  x: -115.706866356
  y: 47.3528543186
  z: 0.0
orientation: 
  x: 0.0
  y: 0.0
  z: 0.485362700693
  w: 0.874312900955
