position: 
  x: -115.178283993
  y: 48.2040910591
  z: 0.0
orientation: 
  x: 0.0
  y: 0.0
  z: 0.487110354604
  w: 0.873340427575
