position: 
  x: -114.652127857
  y: 49.0550664969
  z: 0.0
orientation: 
  x: 0.0
  y: 0.0
  z: 0.487983451331
  w: 0.872852880632
