position: 
  x: -114.046293869
  y: 49.9406652025
  z: 0.0
orientation: 
  x: 0.0
  y: 0.0
  z: 0.422115783087
  w: 0.906541927143
