position: 
  x: -113.395510304
  y: 50.6245882725
  z: 0.0
orientation: 
  x: 0.0
  y: 0.0
  z: 0.382756305933
  w: 0.923849343924
