position: 
  x: -112.690193699
  y: 51.3334796606
  z: 0.0
orientation: 
  x: 0.0
  y: 0.0
  z: 0.384603237877
  w: 0.923081984124
