position: 
  x: -111.987222837
  y: 52.0326275666
  z: 0.0
orientation: 
  x: 0.0
  y: 0.0
  z: 0.3669963166
  w: 0.9302223947
