position: 
  x: -13.4516723708
  y: -21.821512671
  z: 0.0
orientation: 
  x: 0.0
  y: 0.0
  z: 0.561489970886
  w: 0.827483542189
