position: 
  x: -3.39521018057
  y: -34.4049429824
  z: 0.0
orientation: 
  x: 0.0
  y: 0.0
  z: -0.747848105162
  w: 0.663869875507
