position: 
  x: -111.161188557
  y: 52.6285558925
  z: 0.0
orientation: 
  x: 0.0
  y: 0.0
  z: 0.202370557268
  w: 0.979309020458
