position: 
  x: -110.386690067
  y: 52.8337119501
  z: 0.0
orientation: 
  x: 0.0
  y: 0.0
  z: 0.0357703282534
  w: 0.999360037032
