position: 
  x: -109.349741307
  y: 52.7422546216
  z: 0.0
orientation: 
  x: 0.0
  y: 0.0
  z: -0.0970689524554
  w: 0.995277658982
