position: 
  x: -108.474075824
  y: 52.4254379253
  z: 0.0
orientation: 
  x: 0.0
  y: 0.0
  z: -0.227219980366
  w: 0.973843457914
