position: 
  x: -107.627437051
  y: 51.8775598306
  z: 0.0
orientation: 
  x: 0.0
  y: 0.0
  z: -0.343106376596
  w: 0.939296552926
