position: 
  x: -106.862834311
  y: 51.2322830446
  z: 0.0
orientation: 
  x: 0.0
  y: 0.0
  z: -0.342166908646
  w: 0.939639189598
