position: 
  x: -106.106509043
  y: 50.5919639778
  z: 0.0
orientation: 
  x: 0.0
  y: 0.0
  z: -0.359024071202
  w: 0.933328300384
