position: 
  x: -105.432413303
  y: 49.9003415711
  z: 0.0
orientation: 
  x: 0.0
  y: 0.0
  z: -0.417072618207
  w: 0.908873165597
