position: 
  x: -104.757905472
  y: 49.0477852319
  z: 0.0
orientation: 
  x: 0.0
  y: 0.0
  z: -0.457535893776
  w: 0.889191152625
