position: 
  x: -104.225033889
  y: 48.240529418
  z: 0.0
orientation: 
  x: 0.0
  y: 0.0
  z: -0.516040583161
  w: 0.856564134511
