position: 
  x: -3.51502558036
  y: -35.3831054772
  z: 0.0
orientation: 
  x: 0.0
  y: 0.0
  z: -0.762917969012
  w: 0.646495299718
