position: 
  x: -103.70973622
  y: 47.4042625687
  z: 0.0
orientation: 
  x: 0.0
  y: 0.0
  z: -0.484001751463
  w: 0.875067028621
