position: 
  x: -103.176672438
  y: 46.5575978882
  z: 0.0
orientation: 
  x: 0.0
  y: 0.0
  z: -0.48312644258
  w: 0.875550592759
