position: 
  x: -102.582023899
  y: 45.6179512414
  z: 0.0
orientation: 
  x: 0.0
  y: 0.0
  z: -0.481374376309
  w: 0.876515093899
