position: 
  x: -102.047097264
  y: 44.7795800839
  z: 0.0
orientation: 
  x: 0.0
  y: 0.0
  z: -0.469939325474
  w: 0.882698720047
