position: 
  x: -101.462950293
  y: 44.0595350328
  z: 0.0
orientation: 
  x: 0.0
  y: 0.0
  z: -0.406136373106
  w: 0.913812478816
