position: 
  x: -100.791299207
  y: 43.3179930822
  z: 0.0
orientation: 
  x: 0.0
  y: 0.0
  z: -0.405222357711
  w: 0.914218158216
