position: 
  x: -100.043565888
  y: 42.4956025126
  z: 0.0
orientation: 
  x: 0.0
  y: 0.0
  z: -0.404307937094
  w: 0.914622923397
