position: 
  x: -99.4442662736
  y: 41.8382978369
  z: 0.0
orientation: 
  x: 0.0
  y: 0.0
  z: -0.403393112169
  w: 0.915026773955
