position: 
  x: -98.6932060617
  y: 41.0162333831
  z: 0.0
orientation: 
  x: 0.0
  y: 0.0
  z: -0.402477883851
  w: 0.915429709487
