position: 
  x: -98.0184389493
  y: 40.2815947705
  z: 0.0
orientation: 
  x: 0.0
  y: 0.0
  z: -0.399729787693
  w: 0.916633021896
