position: 
  x: -3.78619936597
  y: -36.405896539
  z: 0.0
orientation: 
  x: 0.0
  y: 0.0
  z: -0.825910199557
  w: 0.563801687004
