position: 
  x: -97.2452317154
  y: 39.576143886
  z: 0.0
orientation: 
  x: 0.0
  y: 0.0
  z: -0.346860807941
  w: 0.937916616717
