position: 
  x: -96.4849954859
  y: 38.9249598162
  z: 0.0
orientation: 
  x: 0.0
  y: 0.0
  z: -0.344984282237
  w: 0.938608462038
