position: 
  x: -95.7263159841
  y: 38.2781107398
  z: 0.0
orientation: 
  x: 0.0
  y: 0.0
  z: -0.344984282237
  w: 0.938608462038
