position: 
  x: -94.877289454
  y: 37.5592174206
  z: 0.0
orientation: 
  x: 0.0
  y: 0.0
  z: -0.344045501439
  w: 0.938952976959
