position: 
  x: -94.1971272367
  y: 36.9844413589
  z: 0.0
orientation: 
  x: 0.0
  y: 0.0
  z: -0.343106376596
  w: 0.939296552926
