position: 
  x: -93.3742738352
  y: 36.2919019951
  z: 0.0
orientation: 
  x: 0.0
  y: 0.0
  z: -0.342166908646
  w: 0.939639189598
