position: 
  x: -92.60676251
  y: 35.6485299021
  z: 0.0
orientation: 
  x: 0.0
  y: 0.0
  z: -0.34122709853
  w: 0.93998088663
