position: 
  x: -90.9849257417
  y: 34.2964710285
  z: 0.0
orientation: 
  x: 0.0
  y: 0.0
  z: -0.340286947186
  w: 0.940321643681
