position: 
  x: -90.2154247071
  y: 33.6570443058
  z: 0.0
orientation: 
  x: 0.0
  y: 0.0
  z: -0.339346455556
  w: 0.940661460411
