position: 
  x: -4.19770434264
  y: -37.2926016803
  z: 0.0
orientation: 
  x: 0.0
  y: 0.0
  z: -0.85096227284
  w: 0.525226817863
