position: 
  x: -89.4440303889
  y: 33.0199019977
  z: 0.0
orientation: 
  x: 0.0
  y: 0.0
  z: -0.338405624579
  w: 0.941000336479
