position: 
  x: -88.69920313
  y: 32.4063418988
  z: 0.0
orientation: 
  x: 0.0
  y: 0.0
  z: -0.338405624579
  w: 0.941000336479
