position: 
  x: -87.8397393373
  y: 31.7015366174
  z: 0.0
orientation: 
  x: 0.0
  y: 0.0
  z: -0.33558110498
  w: 0.942011317331
