position: 
  x: -87.0682724982
  y: 31.0739533981
  z: 0.0
orientation: 
  x: 0.0
  y: 0.0
  z: -0.325198887005
  w: 0.945645643934
