position: 
  x: -86.2600650595
  y: 30.5140956714
  z: 0.0
orientation: 
  x: 0.0
  y: 0.0
  z: -0.289995407687
  w: 0.957028036956
