position: 
  x: -85.3694907931
  y: 29.9123832747
  z: 0.0
orientation: 
  x: 0.0
  y: 0.0
  z: -0.289995407687
  w: 0.957028036956
