position: 
  x: -84.6003868185
  y: 29.40208286
  z: 0.0
orientation: 
  x: 0.0
  y: 0.0
  z: -0.288080772899
  w: 0.95760611333
