position: 
  x: -83.8565840139
  y: 28.9115344658
  z: 0.0
orientation: 
  x: 0.0
  y: 0.0
  z: -0.288080772899
  w: 0.95760611333
