position: 
  x: -82.8656841118
  y: 28.259835864
  z: 0.0
orientation: 
  x: 0.0
  y: 0.0
  z: -0.286164985787
  w: 0.95818035928
