position: 
  x: -82.0282789456
  y: 27.7123405544
  z: 0.0
orientation: 
  x: 0.0
  y: 0.0
  z: -0.285206662505
  w: 0.958466045128
