position: 
  x: -4.63560654625
  y: -38.1502750073
  z: 0.0
orientation: 
  x: 0.0
  y: 0.0
  z: -0.85305636682
  w: 0.52181877604
