position: 
  x: -81.1380633915
  y: 27.1232547188
  z: 0.0
orientation: 
  x: 0.0
  y: 0.0
  z: -0.299551028903
  w: 0.954080280209
