position: 
  x: -80.4240882734
  y: 26.5776114108
  z: 0.0
orientation: 
  x: 0.0
  y: 0.0
  z: -0.350609689521
  w: 0.936521673863
