position: 
  x: -79.6347066035
  y: 25.8575452611
  z: 0.0
orientation: 
  x: 0.0
  y: 0.0
  z: -0.362754502259
  w: 0.931884741312
