position: 
  x: -78.8273962266
  y: 25.1067841601
  z: 0.0
orientation: 
  x: 0.0
  y: 0.0
  z: -0.376691440083
  w: 0.926338792758
