position: 
  x: -78.2081629714
  y: 24.4787882094
  z: 0.0
orientation: 
  x: 0.0
  y: 0.0
  z: -0.391464012919
  w: 0.920193418032
