position: 
  x: -77.5029163881
  y: 23.6490194686
  z: 0.0
orientation: 
  x: 0.0
  y: 0.0
  z: -0.430658284666
  w: 0.90251506461
