position: 
  x: -77.0078958202
  y: 23.0384868963
  z: 0.0
orientation: 
  x: 0.0
  y: 0.0
  z: -0.430658284666
  w: 0.90251506461
