position: 
  x: -5.14058753018
  y: -39.1365071577
  z: 0.0
orientation: 
  x: 0.0
  y: 0.0
  z: -0.857203574842
  w: 0.514977699788
