position: 
  x: -5.6208459083
  y: -40.0061974939
  z: 0.0
orientation: 
  x: 0.0
  y: 0.0
  z: -0.862816355007
  w: 0.505517494783
