position: 
  x: -6.11502680923
  y: -40.8732501737
  z: 0.0
orientation: 
  x: 0.0
  y: 0.0
  z: -0.864831517073
  w: 0.502062194432
