position: 
  x: -6.61004595526
  y: -41.7427066001
  z: 0.0
orientation: 
  x: 0.0
  y: 0.0
  z: -0.864329022546
  w: 0.502926774774
