position: 
  x: -7.14624456414
  y: -42.6747531952
  z: 0.0
orientation: 
  x: 0.0
  y: 0.0
  z: -0.863825663691
  w: 0.503790852189
