position: 
  x: -13.0826497793
  y: -20.8915550919
  z: 0.0
orientation: 
  x: 0.0
  y: 0.0
  z: 0.562317173545
  w: 0.82692163857
