position: 
  x: -7.63784463599
  y: -43.546147348
  z: 0.0
orientation: 
  x: 0.0
  y: 0.0
  z: -0.86332144101
  w: 0.504654425813
