position: 
  x: -8.16722839042
  y: -44.3348494266
  z: 0.0
orientation: 
  x: 0.0
  y: 0.0
  z: -0.908137880174
  w: 0.418671220162
