position: 
  x: -8.84701378143
  y: -44.9901498548
  z: 0.0
orientation: 
  x: 0.0
  y: 0.0
  z: -0.947975408188
  w: 0.318343565147
