position: 
  x: -9.7165489019
  y: -45.6092999298
  z: 0.0
orientation: 
  x: 0.0
  y: 0.0
  z: -0.953250008981
  w: 0.302182759893
