position: 
  x: -10.5335568165
  y: -46.1867922937
  z: 0.0
orientation: 
  x: 0.0
  y: 0.0
  z: -0.952947349647
  w: 0.303135858652
