position: 
  x: -11.3491903216
  y: -46.7662240181
  z: 0.0
orientation: 
  x: 0.0
  y: 0.0
  z: -0.952643737365
  w: 0.304088654275
