position: 
  x: -12.1618057938
  y: -47.3455850999
  z: 0.0
orientation: 
  x: 0.0
  y: 0.0
  z: -0.952033655175
  w: 0.305993332302
