position: 
  x: -13.0633679296
  y: -47.9922486621
  z: 0.0
orientation: 
  x: 0.0
  y: 0.0
  z: -0.95233917244
  w: 0.305041145809
