position: 
  x: -13.8815573163
  y: -48.5317440788
  z: 0.0
orientation: 
  x: 0.0
  y: 0.0
  z: -0.96457159802
  w: 0.263821212744
