position: 
  x: -14.7103193067
  y: -49.0182311908
  z: 0.0
orientation: 
  x: 0.0
  y: 0.0
  z: -0.966137153562
  w: 0.258029069113
