position: 
  x: -12.7154179553
  y: -19.9608885548
  z: 0.0
orientation: 
  x: 0.0
  y: 0.0
  z: 0.563143813888
  w: 0.82635890803
