position: 
  x: -15.5803419462
  y: -49.4946746212
  z: 0.0
orientation: 
  x: 0.0
  y: 0.0
  z: -0.970141779605
  w: 0.242538507181
