position: 
  x: -16.5609681355
  y: -50.0179366067
  z: 0.0
orientation: 
  x: 0.0
  y: 0.0
  z: -0.969898756067
  w: 0.243508527529
