position: 
  x: -17.3830433202
  y: -50.4831428919
  z: 0.0
orientation: 
  x: 0.0
  y: 0.0
  z: -0.941419372573
  w: 0.337238142778
