position: 
  x: -17.8727452293
  y: -51.1402600751
  z: 0.0
orientation: 
  x: 0.0
  y: 0.0
  z: -0.820230981487
  w: 0.572032461499
