position: 
  x: -18.021039183
  y: -52.0251019831
  z: 0.0
orientation: 
  x: 0.0
  y: 0.0
  z: -0.69886877563
  w: 0.715249910486
