position: 
  x: -17.8924161244
  y: -53.0382047127
  z: 0.0
orientation: 
  x: 0.0
  y: 0.0
  z: -0.620056481578
  w: 0.784557174241
