position: 
  x: -17.6550240277
  y: -54.0085859912
  z: 0.0
orientation: 
  x: 0.0
  y: 0.0
  z: -0.616913300804
  w: 0.787031117104
