position: 
  x: -17.4137961658
  y: -54.9800842321
  z: 0.0
orientation: 
  x: 0.0
  y: 0.0
  z: -0.615338005793
  w: 0.788263368822
