position: 
  x: -17.1712456904
  y: -55.9507381402
  z: 0.0
orientation: 
  x: 0.0
  y: 0.0
  z: -0.614549434887
  w: 0.788878312593
