position: 
  x: -16.8995964961
  y: -57.0285309803
  z: 0.0
orientation: 
  x: 0.0
  y: 0.0
  z: -0.613760249431
  w: 0.789492467487
