position: 
  x: -12.3219947142
  y: -18.9712480113
  z: 0.0
orientation: 
  x: 0.0
  y: 0.0
  z: 0.548178929916
  w: 0.836361082784
