position: 
  x: -16.6798817024
  y: -57.8863388658
  z: 0.0
orientation: 
  x: 0.0
  y: 0.0
  z: -0.611389013662
  w: 0.79133019276
