position: 
  x: -16.362396488
  y: -58.8968651345
  z: 0.0
orientation: 
  x: 0.0
  y: 0.0
  z: -0.584946985607
  w: 0.811071528306
