position: 
  x: -16.0435656622
  y: -59.8467857146
  z: 0.0
orientation: 
  x: 0.0
  y: 0.0
  z: -0.583323673738
  w: 0.812239799355
