position: 
  x: -15.6877752305
  y: -60.8998024855
  z: 0.0
orientation: 
  x: 0.0
  y: 0.0
  z: -0.582511142413
  w: 0.812822716812
