position: 
  x: -15.3658970772
  y: -61.8471113545
  z: 0.0
orientation: 
  x: 0.0
  y: 0.0
  z: -0.581698028576
  w: 0.813404821446
