position: 
  x: -15.0597323867
  y: -62.7620230007
  z: 0.0
orientation: 
  x: 0.0
  y: 0.0
  z: -0.581698028576
  w: 0.813404821446
