position: 
  x: -14.6719303499
  y: -63.7850471255
  z: 0.0
orientation: 
  x: 0.0
  y: 0.0
  z: -0.552878418252
  w: 0.833261936387
