position: 
  x: -14.2828815751
  y: -64.7068068053
  z: 0.0
orientation: 
  x: 0.0
  y: 0.0
  z: -0.552044880015
  w: 0.833814398082
