position: 
  x: -13.891106654
  y: -65.627410788
  z: 0.0
orientation: 
  x: 0.0
  y: 0.0
  z: -0.551210789733
  w: 0.834366025963
