position: 
  x: -13.4966885825
  y: -66.5485174868
  z: 0.0
orientation: 
  x: 0.0
  y: 0.0
  z: -0.549540956373
  w: 0.835466778076
