position: 
  x: -22.8932820032
  y: -77.993283171
  z: 0.0
orientation: 
  x: 0.0
  y: 0.0
  z: 0.975544610865
  w: 0.219801529139
