position: 
  x: -23.6791618832
  y: -77.4756524764
  z: 0.0
orientation: 
  x: 0.0
  y: 0.0
  z: 0.944209248938
  w: 0.32934616169
