position: 
  x: -24.4177252429
  y: -76.7751246679
  z: 0.0
orientation: 
  x: 0.0
  y: 0.0
  z: 0.902778036779
  w: 0.4301067499
