position: 
  x: -24.9968923133
  y: -75.9828861046
  z: 0.0
orientation: 
  x: 0.0
  y: 0.0
  z: 0.886712601085
  w: 0.462321060603
