position: 
  x: -25.5002536773
  y: -75.1596417577
  z: 0.0
orientation: 
  x: 0.0
  y: 0.0
  z: 0.852204990787
  w: 0.523208040532
