position: 
  x: -25.8204902063
  y: -74.2882351104
  z: 0.0
orientation: 
  x: 0.0
  y: 0.0
  z: 0.771493557122
  w: 0.636237134502
