position: 
  x: -25.8632615272
  y: -73.2641953844
  z: 0.0
orientation: 
  x: 0.0
  y: 0.0
  z: 0.656511973372
  w: 0.754315602927
