position: 
  x: -25.6176062876
  y: -72.3768052463
  z: 0.0
orientation: 
  x: 0.0
  y: 0.0
  z: 0.539788049763
  w: 0.841800963015
