position: 
  x: -4.99526998108
  y: -8.33741803749
  z: 0.0
orientation: 
  x: 0.0
  y: 0.0
  z: 0.830043292662
  w: 0.557698962082
