position: 
  x: -25.1210204354
  y: -71.5913644431
  z: 0.0
orientation: 
  x: 0.0
  y: 0.0
  z: 0.42520222911
  w: 0.905098372753
