position: 
  x: -24.4244320006
  y: -70.7724796713
  z: 0.0
orientation: 
  x: 0.0
  y: 0.0
  z: 0.426107114731
  w: 0.904672718045
