position: 
  x: -23.7654527058
  y: -70.0403599321
  z: 0.0
orientation: 
  x: 0.0
  y: 0.0
  z: 0.397862024034
  w: 0.917445262581
