position: 
  x: -23.0829413718
  y: -69.3088023233
  z: 0.0
orientation: 
  x: 0.0
  y: 0.0
  z: 0.398779270213
  w: 0.9170469419
