position: 
  x: -22.38924037
  y: -68.6135280193
  z: 0.0
orientation: 
  x: 0.0
  y: 0.0
  z: 0.366444952539
  w: 0.930439733007
