position: 
  x: -21.6527624768
  y: -67.9734877707
  z: 0.0
orientation: 
  x: 0.0
  y: 0.0
  z: 0.320431818497
  w: 0.947271581805
