position: 
  x: -20.7833355399
  y: -67.3504514755
  z: 0.0
orientation: 
  x: 0.0
  y: 0.0
  z: 0.310943239099
  w: 0.9504284834
