position: 
  x: -19.9768209003
  y: -66.757548586
  z: 0.0
orientation: 
  x: 0.0
  y: 0.0
  z: 0.312843472913
  w: 0.94980469648
