position: 
  x: -19.0829378234
  y: -66.0977811439
  z: 0.0
orientation: 
  x: 0.0
  y: 0.0
  z: 0.312843472913
  w: 0.94980469648
