position: 
  x: -18.2896245181
  y: -65.5185218681
  z: 0.0
orientation: 
  x: 0.0
  y: 0.0
  z: 0.279415498199
  w: 0.96017028665
