position: 
  x: -5.37462151743
  y: -7.41108573559
  z: 0.0
orientation: 
  x: 0.0
  y: 0.0
  z: 0.831157029756
  w: 0.556037761206
