position: 
  x: -17.507051779
  y: -64.9355872025
  z: 0.0
orientation: 
  x: 0.0
  y: 0.0
  z: 0.320431818497
  w: 0.947271581805
