position: 
  x: -16.7488320215
  y: -64.2882414415
  z: 0.0
orientation: 
  x: 0.0
  y: 0.0
  z: 0.321378929705
  w: 0.946950676404
