position: 
  x: -16.0061962832
  y: -63.6448063009
  z: 0.0
orientation: 
  x: 0.0
  y: 0.0
  z: 0.357122388187
  w: 0.93405759986
