position: 
  x: -15.1787765229
  y: -62.903392125
  z: 0.0
orientation: 
  x: 0.0
  y: 0.0
  z: 0.357122388187
  w: 0.93405759986
