position: 
  x: -14.4345904427
  y: -62.2339245769
  z: 0.0
orientation: 
  x: 0.0
  y: 0.0
  z: 0.358989787897
  w: 0.933341487445
