position: 
  x: -13.6920108177
  y: -61.563421694
  z: 0.0
orientation: 
  x: 0.0
  y: 0.0
  z: 0.359922949734
  w: 0.932982031046
