position: 
  x: -12.8949094024
  y: -60.8413916855
  z: 0.0
orientation: 
  x: 0.0
  y: 0.0
  z: 0.358989787897
  w: 0.933341487445
