position: 
  x: -12.1785202582
  y: -60.1606432506
  z: 0.0
orientation: 
  x: 0.0
  y: 0.0
  z: 0.384056102514
  w: 0.923309758489
