position: 
  x: -11.4755400596
  y: -59.4529537032
  z: 0.0
orientation: 
  x: 0.0
  y: 0.0
  z: 0.38497922009
  w: 0.922925240796
