position: 
  x: -10.772444827
  y: -58.7411569699
  z: 0.0
orientation: 
  x: 0.0
  y: 0.0
  z: 0.385901952688
  w: 0.922539800178
