position: 
  x: -5.78154699959
  y: -6.42310999014
  z: 0.0
orientation: 
  x: 0.0
  y: 0.0
  z: 0.823858510682
  w: 0.566795513724
