position: 
  x: -9.99403596147
  y: -57.9484415787
  z: 0.0
orientation: 
  x: 0.0
  y: 0.0
  z: 0.387746259255
  w: 0.921766151708
