position: 
  x: -9.29631016013
  y: -57.2341727043
  z: 0.0
orientation: 
  x: 0.0
  y: 0.0
  z: 0.38866783138
  w: 0.92137794463
