position: 
  x: -8.60060462807
  y: -56.5193306014
  z: 0.0
orientation: 
  x: 0.0
  y: 0.0
  z: 0.389589014837
  w: 0.920988816175
