position: 
  x: -7.92949512389
  y: -55.8259080699
  z: 0.0
orientation: 
  x: 0.0
  y: 0.0
  z: 0.389589014837
  w: 0.920988816175
