position: 
  x: -7.15761518415
  y: -55.0254437131
  z: 0.0
orientation: 
  x: 0.0
  y: 0.0
  z: 0.391430212063
  w: 0.920207796687
