position: 
  x: -6.46479673139
  y: -54.3043323536
  z: 0.0
orientation: 
  x: 0.0
  y: 0.0
  z: 0.391430212063
  w: 0.920207796687
