position: 
  x: -5.77291141542
  y: -53.5816338774
  z: 0.0
orientation: 
  x: 0.0
  y: 0.0
  z: 0.392350223992
  w: 0.919815906437
