position: 
  x: -5.08052996161
  y: -52.8559516846
  z: 0.0
orientation: 
  x: 0.0
  y: 0.0
  z: 0.394189069878
  w: 0.919029366881
