position: 
  x: -4.33932560734
  y: -52.0766483877
  z: 0.0
orientation: 
  x: 0.0
  y: 0.0
  z: 0.396944379993
  w: 0.917842665816
