position: 
  x: -3.6891527521
  y: -51.3378032118
  z: 0.0
orientation: 
  x: 0.0
  y: 0.0
  z: 0.42520222911
  w: 0.905098372753
