position: 
  x: -5.93576003345
  y: -5.57207775275
  z: 0.0
orientation: 
  x: 0.0
  y: 0.0
  z: 0.655757329639
  w: 0.754971737633
