position: 
  x: -3.04662177312
  y: -50.5705248501
  z: 0.0
orientation: 
  x: 0.0
  y: 0.0
  z: 0.427011574245
  w: 0.904246158665
