position: 
  x: -2.3428161113
  y: -49.7128263626
  z: 0.0
orientation: 
  x: 0.0
  y: 0.0
  z: 0.427915606747
  w: 0.903818695039
