position: 
  x: -1.71114353978
  y: -48.9408191579
  z: 0.0
orientation: 
  x: 0.0
  y: 0.0
  z: 0.428819211333
  w: 0.903390327595
