position: 
  x: -1.07957811394
  y: -48.1648529668
  z: 0.0
orientation: 
  x: 0.0
  y: 0.0
  z: 0.429722387101
  w: 0.90296105676
