position: 
  x: -0.449962756127
  y: -47.3873033089
  z: 0.0
orientation: 
  x: 0.0
  y: 0.0
  z: 0.430625133146
  w: 0.902530882964
