position: 
  x: 0.240185576663
  y: -46.6000134623
  z: 0.0
orientation: 
  x: 0.0
  y: 0.0
  z: 0.382208716116
  w: 0.924076023563
