position: 
  x: 0.958183093812
  y: -45.9009226678
  z: 0.0
orientation: 
  x: 0.0
  y: 0.0
  z: 0.383132600881
  w: 0.923693352873
