position: 
  x: 1.61224253612
  y: -45.1996513716
  z: 0.0
orientation: 
  x: 0.0
  y: 0.0
  z: 0.453942749283
  w: 0.89103085265
