position: 
  x: 2.19842589246
  y: -44.3888568578
  z: 0.0
orientation: 
  x: 0.0
  y: 0.0
  z: 0.454833553016
  w: 0.890576464461
