position: 
  x: 2.82641876298
  y: -43.5163619091
  z: 0.0
orientation: 
  x: 0.0
  y: 0.0
  z: 0.45661379509
  w: 0.889665016809
