position: 
  x: -5.49847647484
  y: -4.75721018741
  z: 0.0
orientation: 
  x: 0.0
  y: 0.0
  z: 0.381284449142
  w: 0.924457770178
