position: 
  x: 3.41492854609
  y: -42.7062948006
  z: 0.0
orientation: 
  x: 0.0
  y: 0.0
  z: 0.457503231652
  w: 0.889207958257
