position: 
  x: 3.9962445673
  y: -41.892617925
  z: 0.0
orientation: 
  x: 0.0
  y: 0.0
  z: 0.457503231652
  w: 0.889207958257
