position: 
  x: 4.6393818907
  y: -40.9897642866
  z: 0.0
orientation: 
  x: 0.0
  y: 0.0
  z: 0.45839221071
  w: 0.888750010498
