position: 
  x: 5.21646848371
  y: -40.1755321917
  z: 0.0
orientation: 
  x: 0.0
  y: 0.0
  z: 0.45839221071
  w: 0.888750010498
