position: 
  x: 5.79321625093
  y: -39.3592234894
  z: 0.0
orientation: 
  x: 0.0
  y: 0.0
  z: 0.459280731377
  w: 0.888291173989
