position: 
  x: 6.36399865093
  y: -38.5591787764
  z: 0.0
orientation: 
  x: 0.0
  y: 0.0
  z: 0.428819211333
  w: 0.903390327595
