position: 
  x: 6.93843969123
  y: -37.7625906613
  z: 0.0
orientation: 
  x: 0.0
  y: 0.0
  z: 0.46194353414
  w: 0.886909336554
