position: 
  x: 7.5745988035
  y: -36.8511453236
  z: 0.0
orientation: 
  x: 0.0
  y: 0.0
  z: 0.462830212357
  w: 0.886446949642
