position: 
  x: 8.1455309697
  y: -36.0307585009
  z: 0.0
orientation: 
  x: 0.0
  y: 0.0
  z: 0.465487466482
  w: 0.88505447208
