position: 
  x: 8.67773800386
  y: -35.1093452408
  z: 0.0
orientation: 
  x: 0.0
  y: 0.0
  z: 0.484844450806
  w: 0.874600399338
