position: 
  x: -4.77448286033
  y: -4.1180114892
  z: 0.0
orientation: 
  x: 0.0
  y: 0.0
  z: 0.318536635733
  w: 0.947910550472
