position: 
  x: 9.14306178133
  y: -34.2437045026
  z: 0.0
orientation: 
  x: 0.0
  y: 0.0
  z: 0.516009119456
  w: 0.856583089162
