position: 
  x: 9.60992626374
  y: -33.3576812204
  z: 0.0
orientation: 
  x: 0.0
  y: 0.0
  z: 0.516865444398
  w: 0.856066651837
