position: 
  x: 10.0745168686
  y: -32.4721566561
  z: 0.0
orientation: 
  x: 0.0
  y: 0.0
  z: 0.516865444398
  w: 0.856066651837
