position: 
  x: 10.6437786348
  y: -31.5595198681
  z: 0.0
orientation: 
  x: 0.0
  y: 0.0
  z: 0.462830212357
  w: 0.886446949642
