position: 
  x: 11.2125716718
  y: -30.739472917
  z: 0.0
orientation: 
  x: 0.0
  y: 0.0
  z: 0.464602179414
  w: 0.885519516941
