position: 
  x: 11.7813615062
  y: -29.9382335109
  z: 0.0
orientation: 
  x: 0.0
  y: 0.0
  z: 0.432429332459
  w: 0.90166782821
