position: 
  x: 12.3425280664
  y: -29.1332643243
  z: 0.0
orientation: 
  x: 0.0
  y: 0.0
  z: 0.469023951035
  w: 0.883185446753
