position: 
  x: 12.8999039003
  y: -28.1959743516
  z: 0.0
orientation: 
  x: 0.0
  y: 0.0
  z: 0.50396677988
  w: 0.863723037077
