position: 
  x: 13.3361369846
  y: -27.4202168788
  z: 0.0
orientation: 
  x: 0.0
  y: 0.0
  z: 0.505693216869
  w: 0.862713376744
