position: 
  x: 13.8896982671
  y: -26.4568317722
  z: 0.0
orientation: 
  x: 0.0
  y: 0.0
  z: 0.506555677255
  w: 0.862207252255
