position: 
  x: -3.98010672973
  y: -3.59622566677
  z: 0.0
orientation: 
  x: 0.0
  y: 0.0
  z: 0.229131456885
  w: 0.973395487695
