position: 
  x: 14.3751748748
  y: -25.5814388732
  z: 0.0
orientation: 
  x: 0.0
  y: 0.0
  z: 0.508279077499
  w: 0.861192417161
