position: 
  x: 14.8582219647
  y: -24.7058451252
  z: 0.0
orientation: 
  x: 0.0
  y: 0.0
  z: 0.508279077499
  w: 0.861192417161
