position: 
  x: 15.3764773208
  y: -23.7640195601
  z: 0.0
orientation: 
  x: 0.0
  y: 0.0
  z: 0.510000444628
  w: 0.8601741373
