position: 
  x: 15.8655649563
  y: -22.9014189008
  z: 0.0
orientation: 
  x: 0.0
  y: 0.0
  z: 0.496172966971
  w: 0.868223696317
