position: 
  x: 16.5064429289
  y: -22.1363096275
  z: 0.0
orientation: 
  x: 0.0
  y: 0.0
  z: 0.309041761513
  w: 0.951048468608
