position: 
  x: 17.3087116546
  y: -21.7536926484
  z: 0.0
orientation: 
  x: 0.0
  y: 0.0
  z: 0.107974396076
  w: 0.994153675139
