position: 
  x: 18.1989605203
  y: -21.7243356074
  z: 0.0
orientation: 
  x: 0.0
  y: 0.0
  z: -0.0976587902508
  w: 0.995219955933
