position: 
  x: 18.9974129537
  y: -22.0380193098
  z: 0.0
orientation: 
  x: 0.0
  y: 0.0
  z: -0.29247567243
  w: 0.956272963665
