position: 
  x: 19.8007666592
  y: -22.7227524559
  z: 0.0
orientation: 
  x: 0.0
  y: 0.0
  z: -0.395685999203
  w: 0.91838586119
