position: 
  x: 20.313737913
  y: -23.4710648514
  z: 0.0
orientation: 
  x: 0.0
  y: 0.0
  z: -0.550376148241
  w: 0.834916819478
