position: 
  x: -3.04657583929
  y: -3.30702862977
  z: 0.0
orientation: 
  x: 0.0
  y: 0.0
  z: 0.0521616243087
  w: 0.998638655846
