position: 
  x: 20.6049540511
  y: -24.374327177
  z: 0.0
orientation: 
  x: 0.0
  y: 0.0
  z: -0.630203043532
  w: 0.776430372875
