position: 
  x: 20.7223850448
  y: -25.3202165478
  z: 0.0
orientation: 
  x: 0.0
  y: 0.0
  z: -0.699583675987
  w: 0.714550684202
