position: 
  x: 20.661997966
  y: -26.270403917
  z: 0.0
orientation: 
  x: 0.0
  y: 0.0
  z: -0.762917969012
  w: 0.646495299719
