position: 
  x: 20.390410094
  y: -27.257173717
  z: 0.0
orientation: 
  x: 0.0
  y: 0.0
  z: -0.82421508044
  w: 0.56627687678
