position: 
  x: 19.9765331323
  y: -28.1118563256
  z: 0.0
orientation: 
  x: 0.0
  y: 0.0
  z: -0.873728049653
  w: 0.486414735848
