position: 
  x: 19.4037000555
  y: -28.8683688464
  z: 0.0
orientation: 
  x: 0.0
  y: 0.0
  z: -0.915526440831
  w: 0.402257798109
