position: 
  x: 18.7050778509
  y: -29.4801631085
  z: 0.0
orientation: 
  x: 0.0
  y: 0.0
  z: -0.961885201684
  w: 0.273453577012
