position: 
  x: 17.73705529
  y: -29.9558808533
  z: 0.0
orientation: 
  x: 0.0
  y: 0.0
  z: -0.977193153346
  w: 0.212352398277
