position: 
  x: 16.8456874641
  y: -30.3138168576
  z: 0.0
orientation: 
  x: 0.0
  y: 0.0
  z: -0.991037879564
  w: 0.133581141142
