position: 
  x: 15.930572106
  y: -30.6042516117
  z: 0.0
orientation: 
  x: 0.0
  y: 0.0
  z: -0.991948659587
  w: 0.126640659914
