position: 
  x: -2.07080068213
  y: -3.29409274576
  z: 0.0
orientation: 
  x: 0.0
  y: 0.0
  z: 0.00418529496074
  w: 0.999991241615
