position: 
  x: 14.8563164344
  y: -30.837897698
  z: 0.0
orientation: 
  x: 0.0
  y: 0.0
  z: -0.994598779111
  w: 0.103794357219
