position: 
  x: 13.8766880814
  y: -31.0460541464
  z: 0.0
orientation: 
  x: 0.0
  y: 0.0
  z: -0.994494487472
  w: 0.104788903936
