position: 
  x: 12.9139914864
  y: -31.2462649839
  z: 0.0
orientation: 
  x: 0.0
  y: 0.0
  z: -0.997552284657
  w: 0.0699245262787
