position: 
  x: 11.8435264765
  y: -31.465027001
  z: 0.0
orientation: 
  x: 0.0
  y: 0.0
  z: -0.99417564601
  w: 0.107771911373
