position: 
  x: 10.8662670281
  y: -31.6794175844
  z: 0.0
orientation: 
  x: 0.0
  y: 0.0
  z: -0.994067377029
  w: 0.108766032967
