position: 
  x: 9.90113323334
  y: -31.8906454177
  z: 0.0
orientation: 
  x: 0.0
  y: 0.0
  z: -0.995864025336
  w: 0.0908561667771
