position: 
  x: 8.93495405313
  y: -32.0245003615
  z: 0.0
orientation: 
  x: 0.0
  y: 0.0
  z: -0.998896566022
  w: 0.0469643523259
