position: 
  x: 7.94880708885
  y: -32.0986030674
  z: 0.0
orientation: 
  x: 0.0
  y: 0.0
  z: -0.99968797521
  w: 0.0249790356241
