position: 
  x: 6.8417281893
  y: -32.1547053464
  z: 0.0
orientation: 
  x: 0.0
  y: 0.0
  z: -0.999662496335
  w: 0.0259787109432
