position: 
  x: 5.84268084019
  y: -32.2085904832
  z: 0.0
orientation: 
  x: 0.0
  y: 0.0
  z: -0.999636017797
  w: 0.0269783602835
