position: 
  x: 1.64896008723
  y: -25.3516932561
  z: 0.0
orientation: 
  x: 0.0
  y: 0.0
  z: 0.879202282931
  w: 0.476448681065
