position: 
  x: -1.07051231008
  y: -3.2917404466
  z: 0.0
orientation: 
  x: 0.0
  y: 0.0
  z: 0.00518528394304
  w: 0.999986556325
