position: 
  x: 4.87964593521
  y: -32.2617181097
  z: 0.0
orientation: 
  x: 0.0
  y: 0.0
  z: -0.999608539623
  w: 0.0279779826456
