position: 
  x: 3.88075426915
  y: -32.3184169404
  z: 0.0
orientation: 
  x: 0.0
  y: 0.0
  z: -0.999580061841
  w: 0.0289775770296
