position: 
  x: 2.81148294115
  y: -32.4238597949
  z: 0.0
orientation: 
  x: 0.0
  y: 0.0
  z: -0.995005998653
  w: 0.0998151423582
