position: 
  x: 1.88226540186
  y: -32.6772298726
  z: 0.0
orientation: 
  x: 0.0
  y: 0.0
  z: -0.984903334072
  w: 0.173105235434
