position: 
  x: 0.996719019156
  y: -33.0625986084
  z: 0.0
orientation: 
  x: 0.0
  y: 0.0
  z: -0.970624916013
  w: 0.240597739838
