position: 
  x: 0.126828698302
  y: -33.5465928454
  z: 0.0
orientation: 
  x: 0.0
  y: 0.0
  z: -0.967415216843
  w: 0.253195178116
