position: 
  x: -0.806962030177
  y: -34.0731077622
  z: 0.0
orientation: 
  x: 0.0
  y: 0.0
  z: -0.966906891994
  w: 0.25512950087
