position: 
  x: -1.66930619274
  y: -34.5738400757
  z: 0.0
orientation: 
  x: 0.0
  y: 0.0
  z: -0.966651279082
  w: 0.256096280036
