position: 
  x: -2.53849609711
  y: -35.0693286065
  z: 0.0
orientation: 
  x: 0.0
  y: 0.0
  z: -0.966394699519
  w: 0.257062803106
