position: 
  x: -3.4715606059
  y: -35.6042023762
  z: 0.0
orientation: 
  x: 0.0
  y: 0.0
  z: -0.966137153562
  w: 0.258029069113
