position: 
  x: -0.109921484038
  y: -3.32603708382
  z: 0.0
orientation: 
  x: 0.0
  y: 0.0
  z: -0.0717529798174
  w: 0.997422433018
