position: 
  x: -4.27479374345
  y: -36.0669595336
  z: 0.0
orientation: 
  x: 0.0
  y: 0.0
  z: -0.965619163494
  w: 0.259960826074
