position: 
  x: -5.12180531135
  y: -36.6486146383
  z: 0.0
orientation: 
  x: 0.0
  y: 0.0
  z: -0.938346143035
  w: 0.345697144697
