position: 
  x: -5.87081938898
  y: -37.3073656765
  z: 0.0
orientation: 
  x: 0.0
  y: 0.0
  z: -0.935196907972
  w: 0.354128145336
