position: 
  x: -6.70892022017
  y: -38.0424283193
  z: 0.0
orientation: 
  x: 0.0
  y: 0.0
  z: -0.934486781761
  w: 0.355997829649
