position: 
  x: -7.45530010681
  y: -38.707948163
  z: 0.0
orientation: 
  x: 0.0
  y: 0.0
  z: -0.934486781761
  w: 0.355997829649
