position: 
  x: -8.19955530983
  y: -39.3743445107
  z: 0.0
orientation: 
  x: 0.0
  y: 0.0
  z: -0.933055318355
  w: 0.359732918829
