position: 
  x: -8.85171910092
  y: -40.0675444133
  z: 0.0
orientation: 
  x: 0.0
  y: 0.0
  z: -0.897829204326
  w: 0.440343865473
