position: 
  x: -9.41368924629
  y: -40.8744083148
  z: 0.0
orientation: 
  x: 0.0
  y: 0.0
  z: -0.882811670422
  w: 0.469727106484
