position: 
  x: -10.0197950644
  y: -41.7619999725
  z: 0.0
orientation: 
  x: 0.0
  y: 0.0
  z: -0.882811670422
  w: 0.469727106484
