position: 
  x: -10.5894222206
  y: -42.586472195
  z: 0.0
orientation: 
  x: 0.0
  y: 0.0
  z: -0.881398518567
  w: 0.472373423753
