position: 
  x: 0.768692634858
  y: -3.66210835543
  z: 0.0
orientation: 
  x: 0.0
  y: 0.0
  z: -0.354907096422
  w: 0.934901573915
