position: 
  x: -11.1445708865
  y: -43.4182226777
  z: 0.0
orientation: 
  x: 0.0
  y: 0.0
  z: -0.881398518567
  w: 0.472373423753
