position: 
  x: -11.7576343973
  y: -44.3429587342
  z: 0.0
orientation: 
  x: 0.0
  y: 0.0
  z: -0.879025643831
  w: 0.476774493327
