position: 
  x: -12.2239128896
  y: -45.1458202123
  z: 0.0
orientation: 
  x: 0.0
  y: 0.0
  z: -0.842450081457
  w: 0.538774405714
