position: 
  x: -12.5960818948
  y: -46.0556840141
  z: 0.0
orientation: 
  x: 0.0
  y: 0.0
  z: -0.823080879011
  w: 0.567924173289
