position: 
  x: -12.9509049195
  y: -46.9911520059
  z: 0.0
orientation: 
  x: 0.0
  y: 0.0
  z: -0.822512543392
  w: 0.568746970069
