position: 
  x: -13.342418021
  y: -48.0314152127
  z: 0.0
orientation: 
  x: 0.0
  y: 0.0
  z: -0.821943385261
  w: 0.569569198101
