position: 
  x: -13.6932215422
  y: -48.949451361
  z: 0.0
orientation: 
  x: 0.0
  y: 0.0
  z: -0.841910885916
  w: 0.539616586268
