position: 
  x: -14.0602436508
  y: -49.8764036325
  z: 0.0
orientation: 
  x: 0.0
  y: 0.0
  z: -0.841370848464
  w: 0.540458227206
