position: 
  x: -14.4637738339
  y: -50.8887967908
  z: 0.0
orientation: 
  x: 0.0
  y: 0.0
  z: -0.820802603738
  w: 0.571211944638
