position: 
  x: -14.7548905172
  y: -51.7198421577
  z: 0.0
orientation: 
  x: 0.0
  y: 0.0
  z: -0.809214971397
  w: 0.58751266375
