position: 
  x: 1.35197814965
  y: -4.36442531616
  z: 0.0
orientation: 
  x: 0.0
  y: 0.0
  z: -0.500186978143
  w: 0.865917424987
