position: 
  x: -15.0973818993
  y: -52.7772588835
  z: 0.0
orientation: 
  x: 0.0
  y: 0.0
  z: -0.808627054224
  w: 0.58832158483
