position: 
  x: -15.4040927858
  y: -53.7295859616
  z: 0.0
orientation: 
  x: 0.0
  y: 0.0
  z: -0.808038328423
  w: 0.589129917589
