position: 
  x: -15.7430783469
  y: -54.7689857633
  z: 0.0
orientation: 
  x: 0.0
  y: 0.0
  z: -0.828158793018
  w: 0.560493544608
