position: 
  x: -16.0534544734
  y: -55.7018124017
  z: 0.0
orientation: 
  x: 0.0
  y: 0.0
  z: -0.806858453298
  w: 0.590744814909
