position: 
  x: -16.3537294915
  y: -56.6504204342
  z: 0.0
orientation: 
  x: 0.0
  y: 0.0
  z: -0.799711592541
  w: 0.600384350859
