position: 
  x: -16.5054709288
  y: -57.6795692872
  z: 0.0
orientation: 
  x: 0.0
  y: 0.0
  z: -0.71092645434
  w: 0.703266362426
