position: 
  x: -16.4760409741
  y: -58.5368618192
  z: 0.0
orientation: 
  x: 0.0
  y: 0.0
  z: -0.662247775295
  w: 0.74928491518
