position: 
  x: -16.3172097186
  y: -59.5901293034
  z: 0.0
orientation: 
  x: 0.0
  y: 0.0
  z: -0.646367928304
  w: 0.763025885052
