position: 
  x: -16.1522559955
  y: -60.5738952946
  z: 0.0
orientation: 
  x: 0.0
  y: 0.0
  z: -0.645604579362
  w: 0.76367187136
