position: 
  x: -15.9845335406
  y: -61.5571933349
  z: 0.0
orientation: 
  x: 0.0
  y: 0.0
  z: -0.644840584816
  w: 0.764317093996
