position: 
  x: 1.64599684073
  y: -5.1922429578
  z: 0.0
orientation: 
  x: 0.0
  y: 0.0
  z: -0.625533145625
  w: 0.780197592744
