position: 
  x: -15.7947121092
  y: -62.6518562411
  z: 0.0
orientation: 
  x: 0.0
  y: 0.0
  z: -0.643310661966
  w: 0.765605245672
