position: 
  x: -15.6210650255
  y: -63.6376791076
  z: 0.0
orientation: 
  x: 0.0
  y: 0.0
  z: -0.643310661966
  w: 0.765605245672
