position: 
  x: -15.4598305328
  y: -64.6242237182
  z: 0.0
orientation: 
  x: 0.0
  y: 0.0
  z: -0.641778165875
  w: 0.766890334928
