position: 
  x: -15.2893432335
  y: -65.6108802622
  z: 0.0
orientation: 
  x: 0.0
  y: 0.0
  z: -0.641010954779
  w: 0.767531729542
