position: 
  x: -15.0853352105
  y: -66.633793346
  z: 0.0
orientation: 
  x: 0.0
  y: 0.0
  z: -0.593028318607
  w: 0.805181602702
