position: 
  x: -14.697465829
  y: -67.4867535114
  z: 0.0
orientation: 
  x: 0.0
  y: 0.0
  z: -0.489760205395
  w: 0.871857179366
