position: 
  x: -13.4778668699
  y: -68.9481849527
  z: 0.0
orientation: 
  x: 0.0
  y: 0.0
  z: -0.327649522863
  w: 0.944799338573
