position: 
  x: -12.5916790041
  y: -69.5456378625
  z: 0.0
orientation: 
  x: 0.0
  y: 0.0
  z: -0.249161829341
  w: 0.968461864401
