position: 
  x: -11.7264219534
  y: -69.9025321477
  z: 0.0
orientation: 
  x: 0.0
  y: 0.0
  z: -0.133415694274
  w: 0.991060165944
