position: 
  x: 1.8634899408
  y: -6.17035345802
  z: 0.0
orientation: 
  x: 0.0
  y: 0.0
  z: -0.625533145625
  w: 0.780197592744
