position: 
  x: -10.7611490322
  y: -70.165681663
  z: 0.0
orientation: 
  x: 0.0
  y: 0.0
  z: -0.132424567565
  w: 0.991193086086
