position: 
  x: -9.72802355225
  y: -70.4402068216
  z: 0.0
orientation: 
  x: 0.0
  y: 0.0
  z: -0.114562603239
  w: 0.993416030643
