position: 
  x: -8.78556753363
  y: -70.5779143576
  z: 0.0
orientation: 
  x: 0.0
  y: 0.0
  z: -0.0198133962316
  w: 0.999803695397
