position: 
  x: -7.80670308327
  y: -70.5565688888
  z: 0.0
orientation: 
  x: 0.0
  y: 0.0
  z: 0.0231832299924
  w: 0.999731232806
