position: 
  x: -6.73238792291
  y: -70.5061178551
  z: 0.0
orientation: 
  x: 0.0
  y: 0.0
  z: 0.024182949467
  w: 0.999707549714
