position: 
  x: -5.73300225568
  y: -70.4636197831
  z: 0.0
orientation: 
  x: 0.0
  y: 0.0
  z: 0.0251826447586
  w: 0.999682866915
