position: 
  x: -4.73362292964
  y: -70.425749148
  z: 0.0
orientation: 
  x: 0.0
  y: 0.0
  z: 0.0261823148676
  w: 0.999657184433
