position: 
  x: -3.73451475354
  y: -70.3729998332
  z: 0.0
orientation: 
  x: 0.0
  y: 0.0
  z: 0.0271819587943
  w: 0.999630502294
