position: 
  x: -2.62468216173
  y: -70.3121523642
  z: 0.0
orientation: 
  x: 0.0
  y: 0.0
  z: 0.028181575539
  w: 0.999602820524
