position: 
  x: -1.64849650519
  y: -70.2281181251
  z: 0.0
orientation: 
  x: 0.0
  y: 0.0
  z: 0.0621452363688
  w: 0.99806711678
