position: 
  x: 2.10648792472
  y: -7.25445303122
  z: 0.0
orientation: 
  x: 0.0
  y: 0.0
  z: -0.623971500414
  w: 0.781447097807
