position: 
  x: -0.659243387342
  y: -70.1001284638
  z: 0.0
orientation: 
  x: 0.0
  y: 0.0
  z: 0.0651391535746
  w: 0.997876190051
