position: 
  x: 0.345137667614
  y: -70.0533226422
  z: 0.0
orientation: 
  x: 0.0
  y: 0.0
  z: -0.0677627267014
  w: 0.997701464803
