position: 
  x: 1.21074073239
  y: -70.3194853514
  z: 0.0
orientation: 
  x: 0.0
  y: 0.0
  z: -0.246255326878
  w: 0.969204990693
