position: 
  x: 1.92551885665
  y: -70.8738196753
  z: 0.0
orientation: 
  x: 0.0
  y: 0.0
  z: -0.418519608743
  w: 0.908207760976
