position: 
  x: 2.36991341109
  y: -71.6457904025
  z: 0.0
orientation: 
  x: 0.0
  y: 0.0
  z: -0.597046797007
  w: 0.802206408715
