position: 
  x: 2.49161952789
  y: -72.6549171717
  z: 0.0
orientation: 
  x: 0.0
  y: 0.0
  z: -0.728969040126
  w: 0.684546666443
