position: 
  x: 2.33303390499
  y: -73.5640887929
  z: 0.0
orientation: 
  x: 0.0
  y: 0.0
  z: -0.783211707389
  w: 0.621755113698
