position: 
  x: 2.10613727535
  y: -74.5214932519
  z: 0.0
orientation: 
  x: 0.0
  y: 0.0
  z: -0.802703505413
  w: 0.596378304768
