position: 
  x: 1.67939812098
  y: -75.4564052863
  z: 0.0
orientation: 
  x: 0.0
  y: 0.0
  z: -0.885149261046
  w: 0.465307194947
