position: 
  x: 1.0783894533
  y: -76.235923511
  z: 0.0
orientation: 
  x: 0.0
  y: 0.0
  z: -0.899146193712
  w: 0.437648400355
