position: 
  x: 2.32692717371
  y: -8.18082023312
  z: 0.0
orientation: 
  x: 0.0
  y: 0.0
  z: -0.605038875303
  w: 0.796195930266
