position: 
  x: 0.462521758565
  y: -77.0212327433
  z: 0.0
orientation: 
  x: 0.0
  y: 0.0
  z: -0.899146193712
  w: 0.437648400355
