position: 
  x: -0.189516200518
  y: -77.8620013988
  z: 0.0
orientation: 
  x: 0.0
  y: 0.0
  z: -0.891123290143
  w: 0.453761260759
