position: 
  x: -0.735685288655
  y: -78.6832866498
  z: 0.0
orientation: 
  x: 0.0
  y: 0.0
  z: -0.877591366884
  w: 0.47940942082
