position: 
  x: -1.27686997312
  y: -79.5253790043
  z: 0.0
orientation: 
  x: 0.0
  y: 0.0
  z: -0.877591366884
  w: 0.47940942082
