position: 
  x: -1.81629180285
  y: -80.3680074017
  z: 0.0
orientation: 
  x: 0.0
  y: 0.0
  z: -0.877111518747
  w: 0.480286772336
