position: 
  x: -2.35390175824
  y: -81.2117932115
  z: 0.0
orientation: 
  x: 0.0
  y: 0.0
  z: -0.876630793499
  w: 0.481163643565
