position: 
  x: -2.94886345818
  y: -82.1506493479
  z: 0.0
orientation: 
  x: 0.0
  y: 0.0
  z: -0.876149191621
  w: 0.48204003363
