position: 
  x: -3.47610805125
  y: -82.9192382531
  z: 0.0
orientation: 
  x: 0.0
  y: 0.0
  z: -0.90518495628
  w: 0.425017876006
