position: 
  x: -4.11457081187
  y: -83.6895395031
  z: 0.0
orientation: 
  x: 0.0
  y: 0.0
  z: -0.904759485882
  w: 0.425922848302
