position: 
  x: -4.82296596284
  y: -84.5460487662
  z: 0.0
orientation: 
  x: 0.0
  y: 0.0
  z: -0.904333110725
  w: 0.426827394676
