position: 
  x: 2.70454007574
  y: -9.07391418463
  z: 0.0
orientation: 
  x: 0.0
  y: 0.0
  z: -0.562837514742
  w: 0.826567560456
