position: 
  x: -5.45969576172
  y: -85.3184316555
  z: 0.0
orientation: 
  x: 0.0
  y: 0.0
  z: -0.904333110725
  w: 0.426827394676
