position: 
  x: -6.08842657128
  y: -86.0925562954
  z: 0.0
orientation: 
  x: 0.0
  y: 0.0
  z: -0.904759485882
  w: 0.425922848302
