position: 
  x: -6.71367329228
  y: -86.8436573475
  z: 0.0
orientation: 
  x: 0.0
  y: 0.0
  z: -0.916729092549
  w: 0.399509412747
