position: 
  x: -7.35547465348
  y: -87.7094577987
  z: 0.0
orientation: 
  x: 0.0
  y: 0.0
  z: -0.887925154826
  w: 0.459987955742
