position: 
  x: -7.93250888627
  y: -88.5274010801
  z: 0.0
orientation: 
  x: 0.0
  y: 0.0
  z: -0.887925154826
  w: 0.459987955742
