position: 
  x: -8.5087770618
  y: -89.345271947
  z: 0.0
orientation: 
  x: 0.0
  y: 0.0
  z: -0.887464722984
  w: 0.460875650755
