position: 
  x: -9.13850000322
  y: -90.220963565
  z: 0.0
orientation: 
  x: 0.0
  y: 0.0
  z: -0.886541197368
  w: 0.462649657267
