position: 
  x: -9.71009237471
  y: -91.0421100074
  z: 0.0
orientation: 
  x: 0.0
  y: 0.0
  z: -0.886078104517
  w: 0.463535966991
