position: 
  x: -10.2630109911
  y: -91.8607755292
  z: 0.0
orientation: 
  x: 0.0
  y: 0.0
  z: -0.873728049653
  w: 0.486414735847
