position: 
  x: -10.7682585899
  y: -92.7167417671
  z: 0.0
orientation: 
  x: 0.0
  y: 0.0
  z: -0.866832841852
  w: 0.498598861096
