position: 
  x: 3.15489525556
  y: -10.057095889
  z: 0.0
orientation: 
  x: 0.0
  y: 0.0
  z: -0.517404138048
  w: 0.855741174615
