position: 
  x: -11.3323601476
  y: -93.6753702249
  z: 0.0
orientation: 
  x: 0.0
  y: 0.0
  z: -0.866333809658
  w: 0.499465444494
