position: 
  x: -11.8315418842
  y: -94.5384031946
  z: 0.0
orientation: 
  x: 0.0
  y: 0.0
  z: -0.866333809658
  w: 0.499465444494
