position: 
  x: -12.3302586228
  y: -95.4034370606
  z: 0.0
orientation: 
  x: 0.0
  y: 0.0
  z: -0.86583391113
  w: 0.500331528427
