position: 
  x: -12.82857153
  y: -96.2698569985
  z: 0.0
orientation: 
  x: 0.0
  y: 0.0
  z: -0.865333146768
  w: 0.501197112028
