position: 
  x: -13.3620064207
  y: -97.2037443448
  z: 0.0
orientation: 
  x: 0.0
  y: 0.0
  z: -0.864831517073
  w: 0.502062194432
