position: 
  x: -13.8621185846
  y: -98.0700306762
  z: 0.0
orientation: 
  x: 0.0
  y: 0.0
  z: -0.864329022546
  w: 0.502926774773
