position: 
  x: -14.3678250142
  y: -98.935192625
  z: 0.0
orientation: 
  x: 0.0
  y: 0.0
  z: -0.863825663691
  w: 0.503790852189
