position: 
  x: -14.859744911
  y: -99.8064067755
  z: 0.0
orientation: 
  x: 0.0
  y: 0.0
  z: -0.86332144101
  w: 0.504654425813
