position: 
  x: -15.3874005871
  y: -100.742424344
  z: 0.0
orientation: 
  x: 0.0
  y: 0.0
  z: -0.862816355008
  w: 0.505517494783
