position: 
  x: -15.8218208263
  y: -101.596825061
  z: 0.0
orientation: 
  x: 0.0
  y: 0.0
  z: -0.817360578231
  w: 0.576126448927
