position: 
  x: 1.10214795135
  y: -24.5126472853
  z: 0.0
orientation: 
  x: 0.0
  y: 0.0
  z: 0.879678291932
  w: 0.475569240705
