position: 
  x: 3.62132298505
  y: -10.9348474376
  z: 0.0
orientation: 
  x: 0.0
  y: 0.0
  z: -0.503646637116
  w: 0.86390975508
