position: 
  x: -16.013632128
  y: -102.517892468
  z: 0.0
orientation: 
  x: 0.0
  y: 0.0
  z: -0.747848105162
  w: 0.663869875507
