position: 
  x: -16.0829740179
  y: -103.484195215
  z: 0.0
orientation: 
  x: 0.0
  y: 0.0
  z: -0.704568350198
  w: 0.709636132042
