position: 
  x: -16.0192443509
  y: -104.452050917
  z: 0.0
orientation: 
  x: 0.0
  y: 0.0
  z: -0.664492646556
  w: 0.747294803055
