position: 
  x: -15.852330856
  y: -105.532475505
  z: 0.0
orientation: 
  x: 0.0
  y: 0.0
  z: -0.641010954779
  w: 0.767531729542
