position: 
  x: -15.671920735
  y: -106.516574574
  z: 0.0
orientation: 
  x: 0.0
  y: 0.0
  z: -0.640243102672
  w: 0.768172356624
