position: 
  x: -15.4888156692
  y: -107.575484163
  z: 0.0
orientation: 
  x: 0.0
  y: 0.0
  z: -0.638705478497
  w: 0.769451305631
