position: 
  x: -15.3103571227
  y: -108.560729535
  z: 0.0
orientation: 
  x: 0.0
  y: 0.0
  z: -0.637935707967
  w: 0.770089626278
