position: 
  x: -15.1237519123
  y: -109.543672798
  z: 0.0
orientation: 
  x: 0.0
  y: 0.0
  z: -0.637165299501
  w: 0.770727176835
