position: 
  x: -14.9346542041
  y: -110.52664817
  z: 0.0
orientation: 
  x: 0.0
  y: 0.0
  z: -0.637165299501
  w: 0.770727176835
