position: 
  x: -14.7314816224
  y: -111.600387777
  z: 0.0
orientation: 
  x: 0.0
  y: 0.0
  z: -0.662996728962
  w: 0.748622292873
