position: 
  x: 4.13911690835
  y: -11.7748810123
  z: 0.0
orientation: 
  x: 0.0
  y: 0.0
  z: -0.479262908024
  w: 0.877671387817
