position: 
  x: -14.5487255289
  y: -112.565514268
  z: 0.0
orientation: 
  x: 0.0
  y: 0.0
  z: -0.634850254197
  w: 0.772635201596
