position: 
  x: -14.3538530589
  y: -113.547871678
  z: 0.0
orientation: 
  x: 0.0
  y: 0.0
  z: -0.634077301699
  w: 0.773269665427
