position: 
  x: -14.156994502
  y: -114.528813048
  z: 0.0
orientation: 
  x: 0.0
  y: 0.0
  z: -0.633303715124
  w: 0.773903355988
