position: 
  x: -13.9379196737
  y: -115.614939151
  z: 0.0
orientation: 
  x: 0.0
  y: 0.0
  z: -0.633303715124
  w: 0.773903355988
