position: 
  x: -13.7505222627
  y: -116.456579176
  z: 0.0
orientation: 
  x: 0.0
  y: 0.0
  z: -0.593028318607
  w: 0.805181602702
