position: 
  x: -13.3723368685
  y: -117.459036993
  z: 0.0
orientation: 
  x: 0.0
  y: 0.0
  z: -0.586567957689
  w: 0.809900012972
