position: 
  x: -13.0067867638
  y: -118.371315036
  z: 0.0
orientation: 
  x: 0.0
  y: 0.0
  z: -0.557037799608
  w: 0.830487140062
