position: 
  x: -12.6260185943
  y: -119.296525777
  z: 0.0
orientation: 
  x: 0.0
  y: 0.0
  z: -0.556207034088
  w: 0.831043762525
