position: 
  x: -12.2618308143
  y: -120.199119295
  z: 0.0
orientation: 
  x: 0.0
  y: 0.0
  z: -0.601050349269
  w: 0.799211159609
