position: 
  x: -12.2061596084
  y: -121.173006197
  z: 0.0
orientation: 
  x: 0.0
  y: 0.0
  z: -0.778212656895
  w: 0.628000844465
