position: 
  x: 4.68045729258
  y: -12.6168730539
  z: 0.0
orientation: 
  x: 0.0
  y: 0.0
  z: -0.479262908024
  w: 0.877671387817
