position: 
  x: -12.5344355539
  y: -122.034255202
  z: 0.0
orientation: 
  x: 0.0
  y: 0.0
  z: -0.865333146768
  w: 0.501197112028
