position: 
  x: -13.0788132496
  y: -122.845572274
  z: 0.0
orientation: 
  x: 0.0
  y: 0.0
  z: -0.887925154826
  w: 0.459987955742
