position: 
  x: -13.7300272139
  y: -123.636010077
  z: 0.0
orientation: 
  x: 0.0
  y: 0.0
  z: -0.928671447755
  w: 0.370903413472
