position: 
  x: -14.4751528576
  y: -124.21664672
  z: 0.0
orientation: 
  x: 0.0
  y: 0.0
  z: -0.96350859942
  w: 0.26767737828
