position: 
  x: -15.3216820501
  y: -124.620827034
  z: 0.0
orientation: 
  x: 0.0
  y: 0.0
  z: -0.987703666227
  w: 0.156337672111
