position: 
  x: -16.2644588222
  y: -124.816770744
  z: 0.0
orientation: 
  x: 0.0
  y: 0.0
  z: -0.996132112043
  w: 0.0878681703299
