position: 
  x: -17.3614620018
  y: -125.013476866
  z: 0.0
orientation: 
  x: 0.0
  y: 0.0
  z: -0.996043745821
  w: 0.0888642583418
