position: 
  x: -18.3104372996
  y: -125.185827633
  z: 0.0
orientation: 
  x: 0.0
  y: 0.0
  z: -0.995954383556
  w: 0.0898602574895
