position: 
  x: -19.276468021
  y: -125.339588516
  z: 0.0
orientation: 
  x: 0.0
  y: 0.0
  z: -0.998800639588
  w: 0.0489620501973
