position: 
  x: -20.2400945419
  y: -125.361235653
  z: 0.0
orientation: 
  x: 0.0
  y: 0.0
  z: 0.999687057004
  w: 0.0250157561969
