position: 
  x: 5.26189018848
  y: -13.5425108123
  z: 0.0
orientation: 
  x: 0.0
  y: 0.0
  z: -0.509681616723
  w: 0.860363091709
