position: 
  x: -21.3405289735
  y: -125.279542461
  z: 0.0
orientation: 
  x: 0.0
  y: 0.0
  z: 0.999199372047
  w: 0.0400076855146
