position: 
  x: -22.2244792813
  y: -125.212426582
  z: 0.0
orientation: 
  x: 0.0
  y: 0.0
  z: 0.999518969055
  w: 0.0310133922681
