position: 
  x: -23.2086441805
  y: -125.201297156
  z: 0.0
orientation: 
  x: 0.0
  y: 0.0
  z: -0.999998036566
  w: 0.00198163267756
