position: 
  x: -24.3935296033
  y: -125.18914551
  z: 0.0
orientation: 
  x: 0.0
  y: 0.0
  z: -0.999995554933
  w: 0.00298162955662
