position: 
  x: -26.3891433087
  y: -125.196808232
  z: 0.0
orientation: 
  x: 0.0
  y: 0.0
  z: -0.999987591687
  w: 0.0049816133699
