position: 
  x: -27.3890626854
  y: -125.209436153
  z: 0.0
orientation: 
  x: 0.0
  y: 0.0
  z: -0.999975628492
  w: 0.00698157725668
