position: 
  x: -28.500445518
  y: -125.225544755
  z: 0.0
orientation: 
  x: 0.0
  y: 0.0
  z: -0.999968146929
  w: 0.00798154922775
