position: 
  x: -29.5003079981
  y: -125.242103259
  z: 0.0
orientation: 
  x: 0.0
  y: 0.0
  z: -0.999968146929
  w: 0.00798154922776
