position: 
  x: -30.4651654321
  y: -125.258619985
  z: 0.0
orientation: 
  x: 0.0
  y: 0.0
  z: -0.999950183905
  w: 0.00998146822524
