position: 
  x: 5.78980198813
  y: -14.3696764703
  z: 0.0
orientation: 
  x: 0.0
  y: 0.0
  z: -0.473988284587
  w: 0.880531149974
