position: 
  x: -31.4664502363
  y: -125.279357706
  z: 0.0
orientation: 
  x: 0.0
  y: 0.0
  z: -0.999939702464
  w: 0.0109814132518
