position: 
  x: -32.5771767658
  y: -125.303977867
  z: 0.0
orientation: 
  x: 0.0
  y: 0.0
  z: -0.999939702464
  w: 0.0109814132518
