position: 
  x: -33.4674346456
  y: -125.32472527
  z: 0.0
orientation: 
  x: 0.0
  y: 0.0
  z: -0.999928221082
  w: 0.0119813472968
