position: 
  x: -34.5425881036
  y: -125.351983819
  z: 0.0
orientation: 
  x: 0.0
  y: 0.0
  z: -0.999915739773
  w: 0.0129812693606
