position: 
  x: -35.5427129217
  y: -125.379365638
  z: 0.0
orientation: 
  x: 0.0
  y: 0.0
  z: -0.999902258548
  w: 0.013981178443
