position: 
  x: -36.6497286036
  y: -125.412103177
  z: 0.0
orientation: 
  x: 0.0
  y: 0.0
  z: -0.999887777421
  w: 0.0149810735444
