position: 
  x: -37.6470887474
  y: -125.45268169
  z: 0.0
orientation: 
  x: 0.0
  y: 0.0
  z: -0.999872296406
  w: 0.0159809536646
