position: 
  x: -38.6470385241
  y: -125.485843849
  z: 0.0
orientation: 
  x: 0.0
  y: 0.0
  z: -0.999855815519
  w: 0.0169808178039
