position: 
  x: -39.6469144003
  y: -125.521156736
  z: 0.0
orientation: 
  x: 0.0
  y: 0.0
  z: -0.999838334776
  w: 0.0179806649624
