position: 
  x: -40.7211104769
  y: -125.56269186
  z: 0.0
orientation: 
  x: 0.0
  y: 0.0
  z: -0.999800373794
  w: 0.0199803043375
