position: 
  x: 6.38256618579
  y: -15.141689299
  z: 0.0
orientation: 
  x: 0.0
  y: 0.0
  z: -0.425771800775
  w: 0.904830577326
