position: 
  x: -41.7207814302
  y: -125.603401849
  z: 0.0
orientation: 
  x: 0.0
  y: 0.0
  z: -0.999779893593
  w: 0.0209800945545
