position: 
  x: -42.7204036007
  y: -125.645294832
  z: 0.0
orientation: 
  x: 0.0
  y: 0.0
  z: -0.999758413612
  w: 0.0219798637914
