position: 
  x: -43.7204579882
  y: -125.683586642
  z: 0.0
orientation: 
  x: 0.0
  y: 0.0
  z: -0.999712454397
  w: 0.0239793353259
