position: 
  x: -44.8312158913
  y: -125.730832375
  z: 0.0
orientation: 
  x: 0.0
  y: 0.0
  z: -0.999712454397
  w: 0.0239793353259
