position: 
  x: -45.8299527635
  y: -125.781067463
  z: 0.0
orientation: 
  x: 0.0
  y: 0.0
  z: -0.999662496335
  w: 0.0259787109431
