position: 
  x: -46.8306154575
  y: -125.832813616
  z: 0.0
orientation: 
  x: 0.0
  y: 0.0
  z: -0.999662496334
  w: 0.0259787109431
