position: 
  x: -47.7912935638
  y: -125.883221166
  z: 0.0
orientation: 
  x: 0.0
  y: 0.0
  z: -0.999662496334
  w: 0.0259787109431
