position: 
  x: -48.7853332228
  y: -125.937063134
  z: 0.0
orientation: 
  x: 0.0
  y: 0.0
  z: -0.999520107566
  w: 0.0309766778653
