position: 
  x: -49.8557132932
  y: -126.038803784
  z: 0.0
orientation: 
  x: 0.0
  y: 0.0
  z: -0.99480437849
  w: 0.101804953398
