position: 
  x: -50.8360007013
  y: -126.243832927
  z: 0.0
orientation: 
  x: 0.0
  y: 0.0
  z: -0.994702076152
  w: 0.102799706709
