position: 
  x: 7.01439298952
  y: -15.8852338426
  z: 0.0
orientation: 
  x: 0.0
  y: 0.0
  z: -0.381866214031
  w: 0.924217612135
