position: 
  x: -51.8144532346
  y: -126.450301235
  z: 0.0
orientation: 
  x: 0.0
  y: 0.0
  z: -0.994702076152
  w: 0.102799706709
