position: 
  x: -52.8664410047
  y: -126.673952407
  z: 0.0
orientation: 
  x: 0.0
  y: 0.0
  z: -0.994389201338
  w: 0.105783345863
