position: 
  x: -53.8480069348
  y: -126.865066451
  z: 0.0
orientation: 
  x: 0.0
  y: 0.0
  z: -0.994282920815
  w: 0.106777682007
