position: 
  x: -54.8261811851
  y: -127.077613236
  z: 0.0
orientation: 
  x: 0.0
  y: 0.0
  z: -0.994282920815
  w: 0.106777682007
