position: 
  x: -55.9150288187
  y: -127.31535225
  z: 0.0
orientation: 
  x: 0.0
  y: 0.0
  z: -0.99417564601
  w: 0.107771911373
