position: 
  x: -56.8743947084
  y: -127.527301745
  z: 0.0
orientation: 
  x: 0.0
  y: 0.0
  z: -0.997338022411
  w: 0.0729168639834
