position: 
  x: -57.8515762954
  y: -127.724909191
  z: 0.0
orientation: 
  x: 0.0
  y: 0.0
  z: -0.99726460689
  w: 0.0739141653812
