position: 
  x: -58.827892838
  y: -127.924211743
  z: 0.0
orientation: 
  x: 0.0
  y: 0.0
  z: -0.99711478413
  w: 0.075908545437
