position: 
  x: -59.7900480468
  y: -128.123017741
  z: 0.0
orientation: 
  x: 0.0
  y: 0.0
  z: -0.993736606119
  w: 0.111747741178
