position: 
  x: -60.8735896734
  y: -128.370744621
  z: 0.0
orientation: 
  x: 0.0
  y: 0.0
  z: -0.993624361529
  w: 0.112741421745
