position: 
  x: 7.72672366396
  y: -16.5705405398
  z: 0.0
orientation: 
  x: 0.0
  y: 0.0
  z: -0.357710199856
  w: 0.933832647169
