position: 
  x: -61.8491112096
  y: -128.597367621
  z: 0.0
orientation: 
  x: 0.0
  y: 0.0
  z: -0.993511123313
  w: 0.11373498957
