position: 
  x: -63.8669111608
  y: -128.91894479
  z: 0.0
orientation: 
  x: 0.0
  y: 0.0
  z: -0.998319535932
  w: 0.0579491516502
