position: 
  x: -64.8607339224
  y: -129.034339618
  z: 0.0
orientation: 
  x: 0.0
  y: 0.0
  z: -0.99826108763
  w: 0.0589474420452
