position: 
  x: -65.8177824142
  y: -129.209951414
  z: 0.0
orientation: 
  x: 0.0
  y: 0.0
  z: -0.993396891587
  w: 0.11472844366
