position: 
  x: -67.7713619322
  y: -129.644774328
  z: 0.0
orientation: 
  x: 0.0
  y: 0.0
  z: -0.993396891587
  w: 0.11472844366
