position: 
  x: -68.8152044507
  y: -129.891039615
  z: 0.0
orientation: 
  x: 0.0
  y: 0.0
  z: -0.993281666464
  w: 0.115721783022
