position: 
  x: -69.7850405039
  y: -130.122180578
  z: 0.0
orientation: 
  x: 0.0
  y: 0.0
  z: -0.99304823649
  w: 0.117708113587
