position: 
  x: -70.7575906522
  y: -130.357011282
  z: 0.0
orientation: 
  x: 0.0
  y: 0.0
  z: -0.992930031872
  w: 0.118701102804
