position: 
  x: 8.55563171295
  y: -17.3117918274
  z: 0.0
orientation: 
  x: 0.0
  y: 0.0
  z: -0.355841820387
  w: 0.934546199427
