position: 
  x: -71.8377497427
  y: -130.6190929
  z: 0.0
orientation: 
  x: 0.0
  y: 0.0
  z: -0.992810834324
  w: 0.11969397332
