position: 
  x: -72.8110832375
  y: -130.851883636
  z: 0.0
orientation: 
  x: 0.0
  y: 0.0
  z: -0.992569460916
  w: 0.121679354277
