position: 
  x: -73.7852902432
  y: -131.080136194
  z: 0.0
orientation: 
  x: 0.0
  y: 0.0
  z: -0.992569460916
  w: 0.121679354277
