position: 
  x: -74.7554801308
  y: -131.322480195
  z: 0.0
orientation: 
  x: 0.0
  y: 0.0
  z: -0.992324117231
  w: 0.123664248517
