position: 
  x: -76.771037062
  y: -131.820106266
  z: 0.0
orientation: 
  x: 0.0
  y: 0.0
  z: -0.992199956841
  w: 0.124656510637
