position: 
  x: -77.7424881678
  y: -132.062704442
  z: 0.0
orientation: 
  x: 0.0
  y: 0.0
  z: -0.992074804252
  w: 0.1256486481
