position: 
  x: -78.7108959887
  y: -132.314072017
  z: 0.0
orientation: 
  x: 0.0
  y: 0.0
  z: -0.991948659587
  w: 0.126640659914
