position: 
  x: -79.7478572116
  y: -132.58590658
  z: 0.0
orientation: 
  x: 0.0
  y: 0.0
  z: -0.991693394539
  w: 0.12862430263
