position: 
  x: -80.7120862129
  y: -132.841381999
  z: 0.0
orientation: 
  x: 0.0
  y: 0.0
  z: -0.991564274412
  w: 0.129615931547
