position: 
  x: 9.30014465108
  y: -17.9748977654
  z: 0.0
orientation: 
  x: 0.0
  y: 0.0
  z: -0.355841820387
  w: 0.934546199427
