position: 
  x: -81.6788154053
  y: -133.099128384
  z: 0.0
orientation: 
  x: 0.0
  y: 0.0
  z: -0.991434162719
  w: 0.130607430848
