position: 
  x: -82.6477153889
  y: -133.347130194
  z: 0.0
orientation: 
  x: 0.0
  y: 0.0
  z: -0.991303059593
  w: 0.131598799542
