position: 
  x: -83.6991697017
  y: -133.600438449
  z: 0.0
orientation: 
  x: 0.0
  y: 0.0
  z: -0.997410440594
  w: 0.0719194896688
