position: 
  x: -84.6142572726
  y: -133.59944941
  z: 0.0
orientation: 
  x: 0.0
  y: 0.0
  z: 0.995951082132
  w: 0.0898968408762
