position: 
  x: -85.4650734117
  y: -133.301760025
  z: 0.0
orientation: 
  x: 0.0
  y: 0.0
  z: 0.961875156525
  w: 0.273488908844
