position: 
  x: -86.1647123123
  y: -132.647424365
  z: 0.0
orientation: 
  x: 0.0
  y: 0.0
  z: 0.879484497531
  w: 0.475927535033
