position: 
  x: -86.6840451919
  y: -131.801109176
  z: 0.0
orientation: 
  x: 0.0
  y: 0.0
  z: 0.871757410252
  w: 0.489937769182
