position: 
  x: -87.1867015665
  y: -130.946537663
  z: 0.0
orientation: 
  x: 0.0
  y: 0.0
  z: 0.863302903435
  w: 0.50468613704
