position: 
  x: -87.6804123204
  y: -130.075763699
  z: 0.0
orientation: 
  x: 0.0
  y: 0.0
  z: 0.864310548431
  w: 0.502958523012
