position: 
  x: -88.2306412312
  y: -129.112890013
  z: 0.0
orientation: 
  x: 0.0
  y: 0.0
  z: 0.865314736186
  w: 0.501228897151
