position: 
  x: 0.493170612775
  y: -23.5828211531
  z: 0.0
orientation: 
  x: 0.0
  y: 0.0
  z: 0.880153421254
  w: 0.474689324775
