position: 
  x: 10.0453382353
  y: -18.6349755408
  z: 0.0
orientation: 
  x: 0.0
  y: 0.0
  z: -0.343662993781
  w: 0.939093044754
