position: 
  x: -88.7200977663
  y: -128.262141117
  z: 0.0
orientation: 
  x: 0.0
  y: 0.0
  z: 0.846181257792
  w: 0.532895185718
