position: 
  x: -89.1874353266
  y: -127.400323372
  z: 0.0
orientation: 
  x: 0.0
  y: 0.0
  z: 0.866814526709
  w: 0.498630701308
