position: 
  x: -89.689718343
  y: -126.535042461
  z: 0.0
orientation: 
  x: 0.0
  y: 0.0
  z: 0.866315462683
  w: 0.499497266375
