position: 
  x: -90.2508417647
  y: -125.571526783
  z: 0.0
orientation: 
  x: 0.0
  y: 0.0
  z: 0.86731272392
  w: 0.49776363761
