position: 
  x: -90.7243978143
  y: -124.726261757
  z: 0.0
orientation: 
  x: 0.0
  y: 0.0
  z: 0.834804705287
  w: 0.550546187009
