position: 
  x: -91.1238415724
  y: -123.840152103
  z: 0.0
orientation: 
  x: 0.0
  y: 0.0
  z: 0.842968674645
  w: 0.537962650717
