position: 
  x: -91.5917168382
  y: -122.832476092
  z: 0.0
orientation: 
  x: 0.0
  y: 0.0
  z: 0.844042913293
  w: 0.536275638567
