position: 
  x: -92.0153949365
  y: -121.926664598
  z: 0.0
orientation: 
  x: 0.0
  y: 0.0
  z: 0.844042913293
  w: 0.536275638567
