position: 
  x: -92.4413186599
  y: -121.020248324
  z: 0.0
orientation: 
  x: 0.0
  y: 0.0
  z: 0.84457876682
  w: 0.535431327657
