position: 
  x: -92.866678518
  y: -120.11798785
  z: 0.0
orientation: 
  x: 0.0
  y: 0.0
  z: 0.845113775769
  w: 0.534586481315
