position: 
  x: 10.8811155416
  y: -19.2449773283
  z: 0.0
orientation: 
  x: 0.0
  y: 0.0
  z: -0.264624666009
  w: 0.96435148475
