position: 
  x: -93.3419040801
  y: -119.117630027
  z: 0.0
orientation: 
  x: 0.0
  y: 0.0
  z: 0.845647939605
  w: 0.533741100387
