position: 
  x: -93.7574010448
  y: -118.247215335
  z: 0.0
orientation: 
  x: 0.0
  y: 0.0
  z: 0.846181257792
  w: 0.532895185718
