position: 
  x: -94.1923975913
  y: -117.348454632
  z: 0.0
orientation: 
  x: 0.0
  y: 0.0
  z: 0.848835145375
  w: 0.528657635882
