position: 
  x: -94.6802370095
  y: -116.50708401
  z: 0.0
orientation: 
  x: 0.0
  y: 0.0
  z: 0.876613118781
  w: 0.481195843687
