position: 
  x: -95.2791490175
  y: -115.570149419
  z: 0.0
orientation: 
  x: 0.0
  y: 0.0
  z: 0.877573756601
  w: 0.479441656227
