position: 
  x: -95.8200910327
  y: -114.72790097
  z: 0.0
orientation: 
  x: 0.0
  y: 0.0
  z: 0.877573756601
  w: 0.479441656227
