position: 
  x: -96.3429929579
  y: -113.917448702
  z: 0.0
orientation: 
  x: 0.0
  y: 0.0
  z: 0.87805275939
  w: 0.478563842896
