position: 
  x: -96.88681507
  y: -113.078249476
  z: 0.0
orientation: 
  x: 0.0
  y: 0.0
  z: 0.879008130333
  w: 0.476806781421
