position: 
  x: -97.4934873625
  y: -112.146917129
  z: 0.0
orientation: 
  x: 0.0
  y: 0.0
  z: 0.879484497531
  w: 0.475927535033
