position: 
  x: -98.041477692
  y: -111.308640409
  z: 0.0
orientation: 
  x: 0.0
  y: 0.0
  z: 0.879959985244
  w: 0.475047812719
