position: 
  x: 11.7555185309
  y: -19.6833176475
  z: 0.0
orientation: 
  x: 0.0
  y: 0.0
  z: -0.222925721956
  w: 0.974835433543
