position: 
  x: -98.5896862407
  y: -110.474093793
  z: 0.0
orientation: 
  x: 0.0
  y: 0.0
  z: 0.880434592998
  w: 0.474167615356
