position: 
  x: -99.1388532717
  y: -109.641974295
  z: 0.0
orientation: 
  x: 0.0
  y: 0.0
  z: 0.880434592998
  w: 0.474167615356
