position: 
  x: -99.6994561642
  y: -108.756398886
  z: 0.0
orientation: 
  x: 0.0
  y: 0.0
  z: 0.855117769356
  w: 0.518433795707
