position: 
  x: -100.129393529
  y: -107.863591215
  z: 0.0
orientation: 
  x: 0.0
  y: 0.0
  z: 0.845647939605
  w: 0.533741100387
