position: 
  x: -100.554943577
  y: -106.965532209
  z: 0.0
orientation: 
  x: 0.0
  y: 0.0
  z: 0.85303719877
  w: 0.521850110198
