position: 
  x: -101.098311925
  y: -106.01565757
  z: 0.0
orientation: 
  x: 0.0
  y: 0.0
  z: 0.871267036686
  w: 0.490809281478
