position: 
  x: -101.617530916
  y: -105.161017764
  z: 0.0
orientation: 
  x: 0.0
  y: 0.0
  z: 0.871267036686
  w: 0.490809281478
