position: 
  x: -102.138841895
  y: -104.30706651
  z: 0.0
orientation: 
  x: 0.0
  y: 0.0
  z: 0.872735541623
  w: 0.488193275648
