position: 
  x: -102.647089259
  y: -103.46649218
  z: 0.0
orientation: 
  x: 0.0
  y: 0.0
  z: 0.855117769356
  w: 0.518433795707
