position: 
  x: -103.216238339
  y: -102.531873911
  z: 0.0
orientation: 
  x: 0.0
  y: 0.0
  z: 0.873710182053
  w: 0.486446829343
