position: 
  x: 12.6486715002
  y: -20.1352752295
  z: 0.0
orientation: 
  x: 0.0
  y: 0.0
  z: -0.221950775222
  w: 0.97505787181
