position: 
  x: -103.743879363
  y: -101.681230237
  z: 0.0
orientation: 
  x: 0.0
  y: 0.0
  z: 0.873710182053
  w: 0.486446829343
