position: 
  x: -104.264636085
  y: -100.839275673
  z: 0.0
orientation: 
  x: 0.0
  y: 0.0
  z: 0.866814526709
  w: 0.498630701308
