position: 
  x: -104.688192666
  y: -99.9897881072
  z: 0.0
orientation: 
  x: 0.0
  y: 0.0
  z: 0.816762850328
  w: 0.57697352307
