position: 
  x: -104.899769629
  y: -99.0117624239
  z: 0.0
orientation: 
  x: 0.0
  y: 0.0
  z: 0.726886897339
  w: 0.686757190335
