position: 
  x: -104.911256878
  y: -98.0239870419
  z: 0.0
orientation: 
  x: 0.0
  y: 0.0
  z: 0.710900621445
  w: 0.703292475738
