position: 
  x: -104.885601652
  y: -97.0446046846
  z: 0.0
orientation: 
  x: 0.0
  y: 0.0
  z: 0.680744098771
  w: 0.732521311628
