position: 
  x: -104.78200639
  y: -96.0632217508
  z: 0.0
orientation: 
  x: 0.0
  y: 0.0
  z: 0.662969230082
  w: 0.748646645597
