position: 
  x: -104.519121444
  y: -94.0043497266
  z: 0.0
orientation: 
  x: 0.0
  y: 0.0
  z: 0.664465196437
  w: 0.747319210728
