position: 
  x: -104.402032466
  y: -93.0102213791
  z: 0.0
orientation: 
  x: 0.0
  y: 0.0
  z: 0.664465196437
  w: 0.747319210728
