position: 
  x: 13.5584474008
  y: -20.6323560573
  z: 0.0
orientation: 
  x: 0.0
  y: 0.0
  z: -0.290562542826
  w: 0.956856002075
