position: 
  x: -104.286543552
  y: -92.0164100391
  z: 0.0
orientation: 
  x: 0.0
  y: 0.0
  z: 0.665212183291
  w: 0.746654371983
