position: 
  x: -104.172772819
  y: -91.0239100472
  z: 0.0
orientation: 
  x: 0.0
  y: 0.0
  z: 0.663717545118
  w: 0.747983302155
