position: 
  x: -103.962591166
  y: -89.9743947732
  z: 0.0
orientation: 
  x: 0.0
  y: 0.0
  z: 0.608189653038
  w: 0.793791752249
