position: 
  x: -103.703395821
  y: -89.008052672
  z: 0.0
orientation: 
  x: 0.0
  y: 0.0
  z: 0.608983140563
  w: 0.793183165801
