position: 
  x: -103.426733801
  y: -88.0460510177
  z: 0.0
orientation: 
  x: 0.0
  y: 0.0
  z: 0.609776019105
  w: 0.79257378617
