position: 
  x: -103.152115241
  y: -87.0062035311
  z: 0.0
orientation: 
  x: 0.0
  y: 0.0
  z: 0.610568287871
  w: 0.791963613966
