position: 
  x: -102.898385458
  y: -86.037895111
  z: 0.0
orientation: 
  x: 0.0
  y: 0.0
  z: 0.610568287871
  w: 0.791963613966
