position: 
  x: -102.646501382
  y: -85.0696219872
  z: 0.0
orientation: 
  x: 0.0
  y: 0.0
  z: 0.612941427594
  w: 0.790128348016
