position: 
  x: -102.371639611
  y: -84.0305880175
  z: 0.0
orientation: 
  x: 0.0
  y: 0.0
  z: 0.612941427594
  w: 0.790128348016
