position: 
  x: -102.16584013
  y: -83.0789994796
  z: 0.0
orientation: 
  x: 0.0
  y: 0.0
  z: 0.653937952732
  w: 0.756548183513
