position: 
  x: 14.3830858303
  y: -21.1557066393
  z: 0.0
orientation: 
  x: 0.0
  y: 0.0
  z: -0.244316425679
  w: 0.969695562609
