position: 
  x: -102.021998293
  y: -82.0883890995
  z: 0.0
orientation: 
  x: 0.0
  y: 0.0
  z: 0.655449740215
  w: 0.755238795384
