position: 
  x: -101.875228178
  y: -81.0989375892
  z: 0.0
orientation: 
  x: 0.0
  y: 0.0
  z: 0.656204651159
  w: 0.754582968133
