position: 
  x: -101.702442724
  y: -80.0045356916
  z: 0.0
orientation: 
  x: 0.0
  y: 0.0
  z: 0.656958905899
  w: 0.7539263863
