position: 
  x: -101.555881003
  y: -79.0382001064
  z: 0.0
orientation: 
  x: 0.0
  y: 0.0
  z: 0.68658242306
  w: 0.727051976371
