position: 
  x: -101.500204029
  y: -77.0475562669
  z: 0.0
orientation: 
  x: 0.0
  y: 0.0
  z: 0.700985181297
  w: 0.713175837786
