position: 
  x: -101.482477784
  y: -75.9722028639
  z: 0.0
orientation: 
  x: 0.0
  y: 0.0
  z: 0.701698006524
  w: 0.712474496134
