position: 
  x: -101.462979417
  y: -74.97160207
  z: 0.0
orientation: 
  x: 0.0
  y: 0.0
  z: 0.70312155117
  w: 0.711069676108
