position: 
  x: -101.445776264
  y: -73.9704738853
  z: 0.0
orientation: 
  x: 0.0
  y: 0.0
  z: 0.703832269167
  w: 0.710366199139
