position: 
  x: -101.437791953
  y: -72.9705069677
  z: 0.0
orientation: 
  x: 0.0
  y: 0.0
  z: 0.705251592954
  w: 0.708957114807
