position: 
  x: 15.2712537523
  y: -21.5843349806
  z: 0.0
orientation: 
  x: 0.0
  y: 0.0
  z: -0.214143293065
  w: 0.976802257386
