position: 
  x: -101.431778794
  y: -71.975526342
  z: 0.0
orientation: 
  x: 0.0
  y: 0.0
  z: 0.698126877679
  w: 0.715974065635
