position: 
  x: -101.320739498
  y: -70.9475284886
  z: 0.0
orientation: 
  x: 0.0
  y: 0.0
  z: 0.640214885694
  w: 0.768195873548
