position: 
  x: -101.07844928
  y: -70.0081610602
  z: 0.0
orientation: 
  x: 0.0
  y: 0.0
  z: 0.594607961935
  w: 0.804015778206
