position: 
  x: -100.787001727
  y: -69.0541884988
  z: 0.0
orientation: 
  x: 0.0
  y: 0.0
  z: 0.595411680275
  w: 0.803420768335
