position: 
  x: -100.454898257
  y: -67.9964639492
  z: 0.0
orientation: 
  x: 0.0
  y: 0.0
  z: 0.597017329918
  w: 0.802228338927
