position: 
  x: -100.167481573
  y: -67.0407471156
  z: 0.0
orientation: 
  x: 0.0
  y: 0.0
  z: 0.593803648987
  w: 0.804609984061
