position: 
  x: -99.8290558661
  y: -66.1164992106
  z: 0.0
orientation: 
  x: 0.0
  y: 0.0
  z: 0.566933041716
  w: 0.823763877705
