position: 
  x: -99.4736613456
  y: -65.200762319
  z: 0.0
orientation: 
  x: 0.0
  y: 0.0
  z: 0.537759981073
  w: 0.843097979333
