position: 
  x: -99.0815931686
  y: -64.1807553758
  z: 0.0
orientation: 
  x: 0.0
  y: 0.0
  z: 0.569401778445
  w: 0.822059374196
