position: 
  x: -98.7306202269
  y: -63.2438363416
  z: 0.0
orientation: 
  x: 0.0
  y: 0.0
  z: 0.570223552981
  w: 0.821489561483
