position: 
  x: 16.174260708
  y: -22.0153549564
  z: 0.0
orientation: 
  x: 0.0
  y: 0.0
  z: -0.214143293065
  w: 0.976802257386
