position: 
  x: -98.3806073663
  y: -62.3065583254
  z: 0.0
orientation: 
  x: 0.0
  y: 0.0
  z: 0.571044757294
  w: 0.82091892728
