position: 
  x: -98.0208556158
  y: -61.373389132
  z: 0.0
orientation: 
  x: 0.0
  y: 0.0
  z: 0.571865390562
  w: 0.820347472159
