position: 
  x: -97.6704277449
  y: -60.4386459052
  z: 0.0
orientation: 
  x: 0.0
  y: 0.0
  z: 0.57595996253
  w: 0.817477902798
