position: 
  x: -97.369229787
  y: -59.4269860552
  z: 0.0
orientation: 
  x: 0.0
  y: 0.0
  z: 0.606600854213
  w: 0.795006543161
