position: 
  x: -97.1079928051
  y: -58.462748749
  z: 0.0
orientation: 
  x: 0.0
  y: 0.0
  z: 0.608189653038
  w: 0.793791752249
