position: 
  x: -96.9158070952
  y: -57.5062393213
  z: 0.0
orientation: 
  x: 0.0
  y: 0.0
  z: 0.640982761332
  w: 0.767555274671
