position: 
  x: -96.7204450492
  y: -56.4105201599
  z: 0.0
orientation: 
  x: 0.0
  y: 0.0
  z: 0.642516588892
  w: 0.766271774893
