position: 
  x: -96.5461519427
  y: -55.463646674
  z: 0.0
orientation: 
  x: 0.0
  y: 0.0
  z: 0.642516588892
  w: 0.766271774893
