position: 
  x: -96.3736798982
  y: -54.4781254102
  z: 0.0
orientation: 
  x: 0.0
  y: 0.0
  z: 0.643282539281
  w: 0.765628875276
