position: 
  x: -96.1823757371
  y: -53.3801678394
  z: 0.0
orientation: 
  x: 0.0
  y: 0.0
  z: 0.644047846388
  w: 0.764985210029
