position: 
  x: 17.1837989819
  y: -22.4792000216
  z: 0.0
orientation: 
  x: 0.0
  y: 0.0
  z: -0.214143293065
  w: 0.976802257386
