position: 
  x: -96.0138771625
  y: -52.3944667698
  z: 0.0
orientation: 
  x: 0.0
  y: 0.0
  z: 0.645576527693
  w: 0.763695585225
