position: 
  x: -95.8474674308
  y: -51.4068896099
  z: 0.0
orientation: 
  x: 0.0
  y: 0.0
  z: 0.646339900362
  w: 0.763049626957
