position: 
  x: -95.6825400856
  y: -50.4205842415
  z: 0.0
orientation: 
  x: 0.0
  y: 0.0
  z: 0.646339900362
  w: 0.763049626957
