position: 
  x: -95.5187763529
  y: -49.4335783034
  z: 0.0
orientation: 
  x: 0.0
  y: 0.0
  z: 0.647102626692
  w: 0.76240290564
