position: 
  x: -95.3454259141
  y: -48.375181054
  z: 0.0
orientation: 
  x: 0.0
  y: 0.0
  z: 0.647864705919
  w: 0.76175542192
