position: 
  x: -95.1857301562
  y: -47.3910542003
  z: 0.0
orientation: 
  x: 0.0
  y: 0.0
  z: 0.647864705919
  w: 0.76175542192
