position: 
  x: -95.0267882316
  y: -46.4027543601
  z: 0.0
orientation: 
  x: 0.0
  y: 0.0
  z: 0.649386920019
  w: 0.760458169861
