position: 
  x: -94.8540529059
  y: -45.3052657257
  z: 0.0
orientation: 
  x: 0.0
  y: 0.0
  z: 0.650906536571
  w: 0.759157875971
