position: 
  x: -94.7011109869
  y: -44.316525252
  z: 0.0
orientation: 
  x: 0.0
  y: 0.0
  z: 0.651665368867
  w: 0.758506589964
