position: 
  x: -94.5506634494
  y: -43.3263903664
  z: 0.0
orientation: 
  x: 0.0
  y: 0.0
  z: 0.652423549498
  w: 0.757854545451
