position: 
  x: 18.0907721768
  y: -22.893212479
  z: 0.0
orientation: 
  x: 0.0
  y: 0.0
  z: -0.212189261566
  w: 0.977228590083
