position: 
  x: -94.4076979011
  y: -42.3725452854
  z: 0.0
orientation: 
  x: 0.0
  y: 0.0
  z: 0.653181077706
  w: 0.757201743083
