position: 
  x: -94.2544518045
  y: -41.3835687955
  z: 0.0
orientation: 
  x: 0.0
  y: 0.0
  z: 0.65469417382
  w: 0.755893867395
