position: 
  x: -94.0952794664
  y: -40.2840310749
  z: 0.0
orientation: 
  x: 0.0
  y: 0.0
  z: 0.65469417382
  w: 0.755893867395
