position: 
  x: -93.9542279694
  y: -39.2930197656
  z: 0.0
orientation: 
  x: 0.0
  y: 0.0
  z: 0.656204651159
  w: 0.754582968133
