position: 
  x: -93.8161729062
  y: -38.3020908662
  z: 0.0
orientation: 
  x: 0.0
  y: 0.0
  z: 0.656958905899
  w: 0.7539263863
