position: 
  x: -93.6169765274
  y: -37.2993302392
  z: 0.0
orientation: 
  x: 0.0
  y: 0.0
  z: 0.581668150156
  w: 0.813426187859
