position: 
  x: -93.2038781669
  y: -36.4441652951
  z: 0.0
orientation: 
  x: 0.0
  y: 0.0
  z: 0.505341751727
  w: 0.862919297479
