position: 
  x: -92.7152790235
  y: -35.5710844699
  z: 0.0
orientation: 
  x: 0.0
  y: 0.0
  z: 0.506204418209
  w: 0.862413524352
