position: 
  x: -92.229435118
  y: -34.7056415523
  z: 0.0
orientation: 
  x: 0.0
  y: 0.0
  z: 0.493211753517
  w: 0.869909286186
