position: 
  x: -91.606805409
  y: -33.8565001214
  z: 0.0
orientation: 
  x: 0.0
  y: 0.0
  z: 0.392895287254
  w: 0.919583217144
