position: 
  x: -0.000742220438861
  y: -22.7881048106
  z: 0.0
orientation: 
  x: 0.0
  y: 0.0
  z: 0.855328880551
  w: 0.518085423551
