position: 
  x: 18.9081965198
  y: -23.3447470888
  z: 0.0
orientation: 
  x: 0.0
  y: 0.0
  z: -0.330482442205
  w: 0.943812139885
