position: 
  x: -90.8915877972
  y: -33.2590815484
  z: 0.0
orientation: 
  x: 0.0
  y: 0.0
  z: 0.267481131845
  w: 0.963563098145
