position: 
  x: -90.0757950192
  y: -32.900763309
  z: 0.0
orientation: 
  x: 0.0
  y: 0.0
  z: 0.128422318591
  w: 0.991719571294
