position: 
  x: -89.159224537
  y: -32.7868010373
  z: 0.0
orientation: 
  x: 0.0
  y: 0.0
  z: -0.0192208555376
  w: 0.999815262292
