position: 
  x: -88.1436792925
  y: -32.9811517587
  z: 0.0
orientation: 
  x: 0.0
  y: 0.0
  z: -0.167429751535
  w: 0.985884008543
