position: 
  x: -87.2020640995
  y: -33.3211136736
  z: 0.0
orientation: 
  x: 0.0
  y: 0.0
  z: -0.166443783976
  w: 0.986050945325
