position: 
  x: -86.2932204747
  y: -33.6418573884
  z: 0.0
orientation: 
  x: 0.0
  y: 0.0
  z: -0.164471350512
  w: 0.98638186057
