position: 
  x: -85.2438847851
  y: -34.000707498
  z: 0.0
orientation: 
  x: 0.0
  y: 0.0
  z: -0.162498259164
  w: 0.986708830288
