position: 
  x: -84.3036582297
  y: -34.3216519587
  z: 0.0
orientation: 
  x: 0.0
  y: 0.0
  z: -0.169401183378
  w: 0.985547177496
