position: 
  x: -83.3970653277
  y: -34.6835244749
  z: 0.0
orientation: 
  x: 0.0
  y: 0.0
  z: -0.215517779693
  w: 0.976499916352
