position: 
  x: -82.5033508343
  y: -35.1081163977
  z: 0.0
orientation: 
  x: 0.0
  y: 0.0
  z: -0.237918295702
  w: 0.9712851716
