position: 
  x: 19.5292410141
  y: -24.0137694638
  z: 0.0
orientation: 
  x: 0.0
  y: 0.0
  z: -0.481893761557
  w: 0.876229651731
