position: 
  x: -81.5889303345
  y: -35.6587315628
  z: 0.0
orientation: 
  x: 0.0
  y: 0.0
  z: -0.31762339624
  w: 0.94821694678
