position: 
  x: -80.7674237834
  y: -36.198160631
  z: 0.0
orientation: 
  x: 0.0
  y: 0.0
  z: -0.281370526898
  w: 0.959599201017
