position: 
  x: -79.9256651262
  y: -36.7389394897
  z: 0.0
orientation: 
  x: 0.0
  y: 0.0
  z: -0.280410787172
  w: 0.959880091698
