position: 
  x: -78.2514575724
  y: -37.8283748792
  z: 0.0
orientation: 
  x: 0.0
  y: 0.0
  z: -0.270798125811
  w: 0.96263615923
