position: 
  x: -77.2869988526
  y: -38.3254031765
  z: 0.0
orientation: 
  x: 0.0
  y: 0.0
  z: -0.216494171688
  w: 0.976283910359
