position: 
  x: -76.3816502139
  y: -38.7453393374
  z: 0.0
orientation: 
  x: 0.0
  y: 0.0
  z: -0.21454117218
  w: 0.976714945846
