position: 
  x: -75.4874296753
  y: -39.1317241734
  z: 0.0
orientation: 
  x: 0.0
  y: 0.0
  z: -0.168415551664
  w: 0.985716085877
