position: 
  x: -74.4752593453
  y: -39.4239477808
  z: 0.0
orientation: 
  x: 0.0
  y: 0.0
  z: -0.126879125924
  w: 0.991918185842
