position: 
  x: -73.5052773973
  y: -39.6752205757
  z: 0.0
orientation: 
  x: 0.0
  y: 0.0
  z: -0.124895037117
  w: 0.992169960089
