position: 
  x: 19.9437827704
  y: -24.9469251056
  z: 0.0
orientation: 
  x: 0.0
  y: 0.0
  z: -0.569431973988
  w: 0.822038458346
