position: 
  x: -72.5408371675
  y: -39.9431920951
  z: 0.0
orientation: 
  x: 0.0
  y: 0.0
  z: -0.123902804875
  w: 0.992294359021
