position: 
  x: -71.5711484103
  y: -40.1895726074
  z: 0.0
orientation: 
  x: 0.0
  y: 0.0
  z: -0.124895037117
  w: 0.992169960089
