position: 
  x: -70.5291493495
  y: -40.4518428193
  z: 0.0
orientation: 
  x: 0.0
  y: 0.0
  z: -0.121917969674
  w: 0.992540179877
