position: 
  x: -69.5596458185
  y: -40.7001340339
  z: 0.0
orientation: 
  x: 0.0
  y: 0.0
  z: -0.119932646802
  w: 0.992782030574
