position: 
  x: -68.5915302425
  y: -40.9510082956
  z: 0.0
orientation: 
  x: 0.0
  y: 0.0
  z: -0.11893980497
  w: 0.99290146681
