position: 
  x: -67.6191824989
  y: -41.1866759229
  z: 0.0
orientation: 
  x: 0.0
  y: 0.0
  z: -0.117946844199
  w: 0.993019910145
