position: 
  x: -66.5383508545
  y: -41.4459678932
  z: 0.0
orientation: 
  x: 0.0
  y: 0.0
  z: -0.116953765481
  w: 0.993137360459
