position: 
  x: -65.674770665
  y: -41.6506252474
  z: 0.0
orientation: 
  x: 0.0
  y: 0.0
  z: -0.115960569809
  w: 0.993253817637
