position: 
  x: -64.5958761042
  y: -41.9029116059
  z: 0.0
orientation: 
  x: 0.0
  y: 0.0
  z: -0.113973831577
  w: 0.993483752115
