position: 
  x: -63.6406180513
  y: -42.1316539363
  z: 0.0
orientation: 
  x: 0.0
  y: 0.0
  z: -0.148668862221
  w: 0.988887035715
