position: 
  x: 20.2838374723
  y: -25.8885124486
  z: 0.0
orientation: 
  x: 0.0
  y: 0.0
  z: -0.570253727593
  w: 0.821468615448
