position: 
  x: -62.6879572863
  y: -42.3718921443
  z: 0.0
orientation: 
  x: 0.0
  y: 0.0
  z: -0.112980291004
  w: 0.993597229185
