position: 
  x: -61.6043541492
  y: -42.6193452692
  z: 0.0
orientation: 
  x: 0.0
  y: 0.0
  z: -0.11198663745
  w: 0.993709712659
