position: 
  x: -60.6284091669
  y: -42.8396393202
  z: 0.0
orientation: 
  x: 0.0
  y: 0.0
  z: -0.11099287191
  w: 0.993821202423
