position: 
  x: -59.6678248356
  y: -43.0390131912
  z: 0.0
orientation: 
  x: 0.0
  y: 0.0
  z: -0.0701643410682
  w: 0.997535445607
