position: 
  x: -58.6048176465
  y: -43.1998463682
  z: 0.0
orientation: 
  x: 0.0
  y: 0.0
  z: -0.0691667707067
  w: 0.997605111169
