position: 
  x: -57.6130925875
  y: -43.3357883644
  z: 0.0
orientation: 
  x: 0.0
  y: 0.0
  z: -0.067171423481
  w: 0.997741449408
