position: 
  x: -56.6215217475
  y: -43.4691514202
  z: 0.0
orientation: 
  x: 0.0
  y: 0.0
  z: -0.0661736486122
  w: 0.99780812195
