position: 
  x: -55.5658158996
  y: -43.6312562199
  z: 0.0
orientation: 
  x: 0.0
  y: 0.0
  z: -0.150646337636
  w: 0.988587720416
