position: 
  x: -54.6038777895
  y: -43.8857128676
  z: 0.0
orientation: 
  x: 0.0
  y: 0.0
  z: -0.153611418441
  w: 0.988131333439
