position: 
  x: -53.6377575653
  y: -44.1323813177
  z: 0.0
orientation: 
  x: 0.0
  y: 0.0
  z: -0.152623210466
  w: 0.988284450767
