position: 
  x: 20.5876779434
  y: -26.814733158
  z: 0.0
orientation: 
  x: 0.0
  y: 0.0
  z: -0.609805131554
  w: 0.792551387312
