position: 
  x: -52.6853590474
  y: -44.3741403094
  z: 0.0
orientation: 
  x: 0.0
  y: 0.0
  z: -0.116953765481
  w: 0.993137360459
