position: 
  x: -51.6107933316
  y: -44.6379871301
  z: 0.0
orientation: 
  x: 0.0
  y: 0.0
  z: -0.125887144464
  w: 0.992044568988
