position: 
  x: -50.6449308958
  y: -44.8911839562
  z: 0.0
orientation: 
  x: 0.0
  y: 0.0
  z: -0.128862707215
  w: 0.991662443924
