position: 
  x: -49.6813619967
  y: -45.159066254
  z: 0.0
orientation: 
  x: 0.0
  y: 0.0
  z: -0.127870980505
  w: 0.991790810779
