position: 
  x: -48.7122246
  y: -45.4135777403
  z: 0.0
orientation: 
  x: 0.0
  y: 0.0
  z: -0.127870980505
  w: 0.991790810778
