position: 
  x: -48.4196169475
  y: -45.4903046047
  z: 0.0
orientation: 
  x: 0.0
  y: 0.0
  z: -0.126879125924
  w: 0.991918185842
