position: 
  x: 20.8026707319
  y: -27.769241891
  z: 0.0
orientation: 
  x: 0.0
  y: 0.0
  z: -0.642544735193
  w: 0.766248173424
