position: 
  x: 20.9779310259
  y: -28.8299615764
  z: 0.0
orientation: 
  x: 0.0
  y: 0.0
  z: -0.641778165875
  w: 0.766890334928
