position: 
  x: 21.148467539
  y: -29.8155936376
  z: 0.0
orientation: 
  x: 0.0
  y: 0.0
  z: -0.641010954779
  w: 0.767531729542
