position: 
  x: 21.327876726
  y: -30.8003833905
  z: 0.0
orientation: 
  x: 0.0
  y: 0.0
  z: -0.639474610322
  w: 0.768812215534
