position: 
  x: 21.5310363277
  y: -31.8926489489
  z: 0.0
orientation: 
  x: 0.0
  y: 0.0
  z: -0.639474610322
  w: 0.768812215534
