position: 
  x: -0.324579631312
  y: -21.9001953352
  z: 0.0
orientation: 
  x: 0.0
  y: 0.0
  z: 0.798732273757
  w: 0.601686591889
