position: 
  x: 21.7159906076
  y: -32.8728508656
  z: 0.0
orientation: 
  x: 0.0
  y: 0.0
  z: -0.638705478497
  w: 0.769451305632
