position: 
  x: 21.8219836289
  y: -33.8213683404
  z: 0.0
orientation: 
  x: 0.0
  y: 0.0
  z: -0.699583675987
  w: 0.714550684201
