position: 
  x: 21.8223248881
  y: -34.7989395631
  z: 0.0
orientation: 
  x: 0.0
  y: 0.0
  z: -0.730336674608
  w: 0.683087360242
