position: 
  x: 21.7804805584
  y: -35.8666744865
  z: 0.0
orientation: 
  x: 0.0
  y: 0.0
  z: -0.738480942594
  w: 0.674274348782
