position: 
  x: 21.6313302671
  y: -36.8187123309
  z: 0.0
orientation: 
  x: 0.0
  y: 0.0
  z: -0.785692455526
  w: 0.618617301188
