position: 
  x: 21.3795202276
  y: -37.77974506
  z: 0.0
orientation: 
  x: 0.0
  y: 0.0
  z: -0.792449574696
  w: 0.609937432499
