position: 
  x: 21.1183504625
  y: -38.7463702253
  z: 0.0
orientation: 
  x: 0.0
  y: 0.0
  z: -0.79183924114
  w: 0.610729576973
