position: 
  x: 20.84641909
  y: -39.7864068773
  z: 0.0
orientation: 
  x: 0.0
  y: 0.0
  z: -0.79183924114
  w: 0.610729576973
