position: 
  x: 20.5894633005
  y: -40.7355999833
  z: 0.0
orientation: 
  x: 0.0
  y: 0.0
  z: -0.811558542074
  w: 0.584271112401
