position: 
  x: 20.2522872723
  y: -41.6690290707
  z: 0.0
orientation: 
  x: 0.0
  y: 0.0
  z: -0.820230981487
  w: 0.572032461499
