position: 
  x: -0.634006624274
  y: -20.8331555753
  z: 0.0
orientation: 
  x: 0.0
  y: 0.0
  z: 0.799934048675
  w: 0.600087925033
