position: 
  x: 19.917987632
  y: -42.595505911
  z: 0.0
orientation: 
  x: 0.0
  y: 0.0
  z: -0.803894655821
  w: 0.594771706071
