position: 
  x: 19.8168406278
  y: -43.5665899874
  z: 0.0
orientation: 
  x: 0.0
  y: 0.0
  z: -0.644840584816
  w: 0.764317093996
