position: 
  x: 20.1330326554
  y: -44.3806521335
  z: 0.0
orientation: 
  x: 0.0
  y: 0.0
  z: -0.463388037632
  w: 0.886155475399
