position: 
  x: 20.7523662213
  y: -45.1303606901
  z: 0.0
orientation: 
  x: 0.0
  y: 0.0
  z: -0.413062861542
  w: 0.910702515871
