position: 
  x: 21.4047203489
  y: -45.737888133
  z: 0.0
orientation: 
  x: 0.0
  y: 0.0
  z: -0.28289847851
  w: 0.959149858394
