position: 
  x: 22.3397799768
  y: -46.2821910966
  z: 0.0
orientation: 
  x: 0.0
  y: 0.0
  z: -0.225849220704
  w: 0.974162270624
