position: 
  x: 23.2390593007
  y: -46.7195636973
  z: 0.0
orientation: 
  x: 0.0
  y: 0.0
  z: -0.223900445764
  w: 0.97461202044
