position: 
  x: 24.1396653319
  y: -47.1553480786
  z: 0.0
orientation: 
  x: 0.0
  y: 0.0
  z: -0.222925721956
  w: 0.974835433543
