position: 
  x: 25.1115482251
  y: -47.6228989825
  z: 0.0
orientation: 
  x: 0.0
  y: 0.0
  z: -0.221950775222
  w: 0.97505787181
