position: 
  x: 26.0143089596
  y: -48.055360619
  z: 0.0
orientation: 
  x: 0.0
  y: 0.0
  z: -0.221950775222
  w: 0.97505787181
