position: 
  x: -0.883730000435
  y: -19.9789088513
  z: 0.0
orientation: 
  x: 0.0
  y: 0.0
  z: 0.801132623857
  w: 0.598486857827
