position: 
  x: 26.9166498439
  y: -48.4863827026
  z: 0.0
orientation: 
  x: 0.0
  y: 0.0
  z: -0.220000216877
  w: 0.975499822949
