position: 
  x: 27.8174965963
  y: -48.9147295091
  z: 0.0
orientation: 
  x: 0.0
  y: 0.0
  z: -0.219024607216
  w: 0.97571933538
