position: 
  x: 28.8190326577
  y: -49.3886375536
  z: 0.0
orientation: 
  x: 0.0
  y: 0.0
  z: -0.219024607216
  w: 0.97571933538
