position: 
  x: 29.7252039745
  y: -49.815081595
  z: 0.0
orientation: 
  x: 0.0
  y: 0.0
  z: -0.218048778531
  w: 0.975937872091
