position: 
  x: 30.6312760769
  y: -50.2382024096
  z: 0.0
orientation: 
  x: 0.0
  y: 0.0
  z: -0.216096467991
  w: 0.976372017482
