position: 
  x: 31.5397865759
  y: -50.6608268214
  z: 0.0
orientation: 
  x: 0.0
  y: 0.0
  z: -0.216096467991
  w: 0.976372017482
