position: 
  x: 32.4123148721
  y: -51.0725648107
  z: 0.0
orientation: 
  x: 0.0
  y: 0.0
  z: -0.214143293065
  w: 0.976802257386
