position: 
  x: 33.4160731585
  y: -51.5490032391
  z: 0.0
orientation: 
  x: 0.0
  y: 0.0
  z: -0.213166383899
  w: 0.977015912243
