position: 
  x: 34.325377614
  y: -51.9651331806
  z: 0.0
orientation: 
  x: 0.0
  y: 0.0
  z: -0.213166383899
  w: 0.977015912243
