position: 
  x: 35.3041521929
  y: -52.4108891999
  z: 0.0
orientation: 
  x: 0.0
  y: 0.0
  z: -0.21023438131
  w: 0.977651013867
